Date,Open,High,Low,Close,Volume,Adj Close
2015-05-01,22.68,23.139999,22.60,23.09,2101500,22.590353
2015-04-30,22.74,22.99,22.10,22.73,2983400,22.238143
2015-04-29,22.75,23.139999,22.51,22.60,1877500,22.110957
2015-04-28,23.120001,23.35,23.02,23.129999,1753400,22.629487
2015-04-27,23.58,23.59,23.02,23.23,1551700,22.727323
2015-04-24,23.33,23.559999,23.10,23.34,2143300,22.834943
2015-04-23,23.18,23.950001,22.959999,23.440001,2547500,22.93278
2015-04-22,22.940001,23.129999,22.530001,22.91,1422500,22.414248
2015-04-21,23.110001,23.309999,22.629999,22.889999,997900,22.39468
2015-04-20,23.129999,23.49,23.01,23.219999,1597800,22.717539
2015-04-17,22.879999,23.120001,22.65,23.07,5114100,22.570785
2015-04-16,23.41,23.41,22.74,23.02,1908600,22.521868
2015-04-15,23.02,24.280001,23.01,23.43,4108600,22.922996
2015-04-14,22.299999,22.860001,22.25,22.74,2404400,22.247926
2015-04-13,22.309999,22.389999,22.059999,22.200001,850000,21.719613
2015-04-10,22.32,22.34,21.809999,22.129999,6963100,21.651126
2015-04-09,21.85,22.25,21.85,22.10,1904800,21.621776
2015-04-08,22.360001,22.41,21.58,21.790001,1809600,21.318485
2015-04-07,21.99,22.68,21.91,22.389999,3146400,21.9055
2015-04-06,22.15,22.219999,21.83,21.99,2128700,21.514156
2015-04-02,21.49,22.00,21.469999,21.969999,2408100,21.494588
2015-04-01,21.50,21.75,21.32,21.59,2228000,21.122812
2015-03-31,21.25,21.65,21.200001,21.35,2182800,20.888005
2015-03-30,20.719999,21.620001,20.719999,21.52,2507300,21.054327
2015-03-27,20.969999,21.040001,20.450001,20.68,2041800,20.232504
2015-03-26,21.75,22.129999,21.049999,21.059999,2806800,20.60428
2015-03-25,21.709999,21.879999,21.389999,21.469999,2957600,21.005408
2015-03-24,21.35,21.66,21.10,21.639999,1441000,21.171729
2015-03-23,21.049999,21.42,21.00,21.290001,1552900,20.829304
2015-03-20,21.23,21.24,20.889999,21.040001,5999600,20.584714
2015-03-19,21.68,21.74,20.790001,20.809999,2133800,20.35969
2015-03-18,21.450001,22.16,21.200001,21.969999,1788000,21.494588
2015-03-17,21.120001,21.57,20.879999,21.450001,1331500,20.985842
2015-03-16,20.91,21.34,20.799999,21.309999,1301600,20.84887
2015-03-13,21.190001,21.309999,20.950001,21.280001,1226400,20.81952
2015-03-12,21.940001,21.959999,21.360001,21.360001,1988800,20.897789
2015-03-11,21.49,21.959999,21.370001,21.959999,2328100,21.484804
2015-03-10,21.75,21.959999,21.48,21.719999,1745400,20.989754
2015-03-09,22.35,22.48,21.780001,21.92,2121600,21.18303
2015-03-06,22.209999,22.370001,21.879999,22.049999,2044900,21.308659
2015-03-05,22.25,22.25,21.91,22.200001,2344200,21.453617
2015-03-04,21.99,22.26,21.73,22.24,9614100,21.492271
2015-03-03,21.50,22.07,21.23,21.82,2766400,21.086392
2015-03-02,21.52,21.559999,21.309999,21.40,4363300,20.680513
2015-02-27,21.93,21.950001,21.57,21.57,2474900,20.844797
2015-02-26,22.00,22.030001,21.74,21.76,1793600,21.02841
2015-02-25,22.15,22.24,21.879999,22.190001,2571700,21.443953
2015-02-24,22.200001,22.200001,21.90,22.08,2216400,21.337651
2015-02-23,22.00,22.209999,21.780001,22.049999,2438400,21.308659
2015-02-20,22.139999,22.290001,22.00,22.219999,5959600,21.472943
2015-02-19,21.799999,22.15,21.610001,22.110001,2961800,21.366643
2015-02-18,21.83,22.190001,21.74,22.120001,7927200,21.376307
2015-02-17,23.950001,23.959999,23.030001,23.290001,2786900,22.50697
2015-02-13,24.85,24.85,23.92,24.18,2282300,23.367047
2015-02-12,24.610001,25.00,24.09,24.629999,2449700,23.801917
2015-02-11,24.75,25.08,24.35,24.68,1720400,23.850237
2015-02-10,25.59,25.639999,24.48,25.10,1873100,24.256116
2015-02-09,26.00,26.01,25.49,25.49,1535100,24.633003
2015-02-06,26.00,26.02,25.440001,25.59,1613600,24.729641
2015-02-05,25.40,25.610001,25.01,25.40,1914900,24.546029
2015-02-04,25.00,25.17,24.25,25.040001,2685800,24.198134
2015-02-03,25.799999,26.42,25.549999,25.60,3609100,24.739305
2015-02-02,24.469999,25.209999,24.26,25.129999,2539900,24.285106
2015-01-30,22.60,24.280001,22.41,24.07,3490600,23.260745
2015-01-29,23.129999,23.299999,21.870001,22.75,4434900,21.985125
2015-01-28,24.299999,24.299999,22.93,22.940001,3230300,22.168737
2015-01-27,24.469999,24.870001,24.24,24.67,2789200,23.840573
2015-01-26,24.450001,24.799999,24.25,24.610001,1859200,23.78259
2015-01-23,24.41,24.73,24.120001,24.389999,1805400,23.569986
2015-01-22,24.08,24.48,23.809999,24.459999,2102000,23.637632
2015-01-21,23.52,24.799999,23.48,24.07,1966100,23.260745
2015-01-20,23.77,24.10,23.120001,23.299999,2061400,22.516632
2015-01-19,24.49,24.549999,23.59,23.799999,582400,22.999822
2015-01-16,23.209999,24.950001,23.209999,24.639999,2222800,23.811581
2015-01-15,23.76,23.860001,22.969999,23.07,4369900,22.294366
2015-01-14,22.25,23.450001,22.24,23.32,2267300,22.53596
2015-01-13,22.799999,23.08,22.40,22.75,2136600,21.985125
2015-01-12,23.440001,23.48,22.51,23.01,1837300,22.236383
2015-01-09,23.60,23.959999,23.26,23.77,1681200,22.970832
2015-01-08,23.27,23.73,23.01,23.52,2875400,22.729237
2015-01-07,23.459999,23.700001,22.76,22.92,2418100,22.149409
2015-01-06,22.90,23.52,22.639999,23.120001,2491100,22.342686
2015-01-05,23.889999,23.889999,22.92,23.10,2543800,22.323358
2015-01-02,24.00,24.540001,23.790001,24.379999,1044600,23.560322
2014-12-31,23.700001,24.440001,23.23,23.969999,1351100,23.164107
2014-12-30,24.35,24.41,23.780001,23.82,1107300,23.01915
2014-12-29,24.209999,24.799999,24.15,24.389999,1183800,23.569986
2014-12-24,24.360001,24.450001,23.690001,24.040001,681500,23.231755
2014-12-23,24.190001,24.51,23.98,24.40,2278800,23.57965
2014-12-22,24.00,24.18,23.17,24.110001,2518900,23.299401
2014-12-19,22.85,23.98,22.77,23.98,6355400,23.173771
2014-12-18,22.83,23.360001,22.26,22.76,5267500,21.994789
2014-12-17,19.959999,22.200001,19.82,21.870001,4630400,21.134712
2014-12-16,18.73,20.35,18.719999,19.870001,5152500,19.201954
2014-12-15,20.01,20.33,19.10,19.290001,4281700,18.641454
2014-12-12,20.42,20.709999,20.059999,20.09,3731100,19.414556
2014-12-11,20.690001,21.41,20.65,20.799999,4863800,20.100685
2014-12-10,22.049999,22.09,20.66,21.10,6732200,20.133543
2014-12-09,22.280001,22.700001,22.10,22.540001,3041600,21.507586
2014-12-08,24.02,24.10,21.93,22.450001,3637000,21.421708
2014-12-05,25.049999,25.139999,24.389999,24.389999,2563000,23.272848
2014-12-04,25.92,25.92,25.01,25.049999,2967800,23.902617
2014-12-03,25.870001,26.610001,25.77,26.09,2745700,24.894982
2014-12-02,25.40,26.10,25.110001,25.860001,2484500,24.675518
2014-12-01,25.50,25.530001,24.65,25.370001,2729400,24.207962
2014-11-28,25.889999,25.889999,25.15,25.67,2064100,24.49422
2014-11-27,26.85,26.889999,25.10,25.76,1582000,24.580098
2014-11-26,27.639999,27.639999,27.02,27.02,1588800,25.782385
2014-11-25,28.129999,28.309999,27.530001,27.809999,2366100,26.5362
2014-11-24,28.610001,28.639999,28.00,28.07,1485800,26.784291
2014-11-21,28.32,28.799999,28.309999,28.60,1469900,27.290016
2014-11-20,27.440001,28.120001,27.440001,28.10,1718200,26.812917
2014-11-19,27.639999,27.790001,27.459999,27.540001,2025300,26.278568
2014-11-18,27.709999,27.90,27.549999,27.620001,1827700,26.354904
2014-11-17,27.950001,28.049999,27.58,27.709999,1584000,26.44078
2014-11-14,27.67,28.07,27.42,28.07,2161200,26.784291
2014-11-13,28.49,28.49,27.219999,27.389999,2426200,26.135437
2014-11-12,28.17,28.83,27.969999,28.559999,1757400,27.251847
2014-11-10,28.940001,29.110001,28.120001,28.25,2100300,26.956046
2014-11-07,27.950001,28.93,27.950001,28.620001,2016100,27.3091
2014-11-06,28.030001,28.280001,27.549999,28.040001,1818300,26.755666
2014-11-05,27.24,28.379999,27.030001,28.209999,2373800,26.917878
2014-11-04,27.07,27.10,26.360001,26.83,2331600,25.601088
2014-11-03,27.959999,28.02,27.309999,27.33,2135200,26.078186
2014-10-31,27.35,27.93,27.299999,27.889999,2062200,26.612535
2014-10-30,27.709999,27.799999,27.209999,27.33,1634900,26.078186
2014-10-29,27.969999,28.34,27.690001,27.860001,2487900,26.58391
2014-10-28,27.24,27.950001,26.99,27.950001,2622900,26.669788
2014-10-27,27.32,27.51,26.77,27.139999,1985000,25.896888
2014-10-24,27.98,28.23,27.389999,27.50,3526000,26.240399
2014-10-23,26.91,28.24,26.76,27.969999,5145600,26.688871
2014-10-22,26.84,26.93,26.110001,26.27,3923800,25.066738
2014-10-21,26.52,26.790001,26.33,26.74,3576500,25.51521
2014-10-20,26.200001,26.629999,26.059999,26.370001,1995700,25.162158
2014-10-17,26.610001,26.75,26.219999,26.379999,2901800,25.171698
2014-10-16,25.959999,26.57,25.790001,26.389999,5286300,25.181241
2014-10-15,26.50,26.549999,25.889999,26.190001,4991700,24.990402
2014-10-14,27.07,27.110001,26.440001,26.75,2641900,25.524752
2014-10-10,27.57,27.75,27.059999,27.280001,2341100,26.030477
2014-10-09,28.309999,28.360001,27.66,27.75,5181000,26.478948
2014-10-08,28.82,28.82,27.969999,28.469999,3552100,27.165969
2014-10-07,28.93,29.33,28.76,28.82,2594500,27.499938
2014-10-06,29.40,29.469999,28.90,29.059999,1852800,27.728945
2014-10-03,29.58,29.709999,29.209999,29.35,2193900,28.005663
2014-10-02,29.190001,29.690001,28.76,29.52,2613700,28.167876
2014-10-01,30.00,30.129999,29.139999,29.309999,3898600,27.967494
2014-09-30,30.290001,30.450001,29.77,30.129999,2873500,28.749935
2014-09-29,30.35,30.48,29.969999,30.309999,1478300,28.92169
2014-09-26,30.00,30.700001,29.83,30.549999,1816900,29.150697
2014-09-25,30.85,30.90,29.950001,29.950001,2836000,28.578181
2014-09-24,31.42,31.559999,30.90,30.92,3615900,29.503751
2014-09-23,30.90,31.549999,30.860001,31.379999,1311500,29.94268
2014-09-22,31.450001,31.50,30.98,31.02,1179500,29.599171
2014-09-19,31.620001,31.879999,31.25,31.41,4593700,29.971307
2014-09-18,32.849998,32.849998,31.690001,31.790001,2688900,30.333902
2014-09-17,33.580002,33.580002,32.77,32.889999,1901600,31.383517
2014-09-16,33.450001,33.939999,33.25,33.459999,1687500,31.927408
2014-09-15,33.23,33.560001,32.880001,33.52,961800,31.984662
2014-09-12,33.310001,33.400002,32.990002,33.240002,1520600,31.717488
2014-09-11,33.23,33.400002,32.919998,33.380001,1178600,31.851075
2014-09-10,33.52,33.540001,33.119999,33.50,2069500,31.711762
2014-09-09,33.560001,33.740002,33.34,33.490002,2171300,31.702297
2014-09-08,33.959999,33.970001,33.439999,33.599998,1147500,31.806422
2014-09-05,34.029999,34.279999,33.75,34.040001,1184000,32.222937
2014-09-04,34.18,34.32,33.889999,34.09,1189300,32.270267
2014-09-03,34.18,34.290001,34.009998,34.200001,688500,32.374396
2014-09-02,34.630001,34.700001,34.029999,34.080002,692400,32.260803
2014-08-29,34.200001,34.68,34.02,34.68,921000,32.828773
2014-08-28,34.080002,34.189999,33.880001,34.049999,733200,32.232402
2014-08-27,34.049999,34.279999,33.889999,34.080002,840700,32.260803
2014-08-26,33.939999,34.240002,33.869999,34.009998,821100,32.194536
2014-08-25,33.529999,33.919998,33.52,33.869999,553500,32.06201
2014-08-22,33.549999,33.650002,33.34,33.540001,716500,31.749627
2014-08-21,33.689999,33.77,33.57,33.650002,546500,31.853756
2014-08-20,33.549999,33.82,33.310001,33.799999,729800,31.995747
2014-08-19,33.110001,33.669998,33.110001,33.610001,595200,31.81589
2014-08-18,33.52,33.599998,32.91,33.09,854400,31.323648
2014-08-15,33.290001,33.41,32.799999,33.380001,956700,31.598168
2014-08-14,33.48,33.490002,33.049999,33.23,743100,31.456174
2014-08-13,33.66,33.759998,33.279999,33.380001,1265300,31.598168
2014-08-12,33.66,33.82,33.400002,33.610001,1412200,31.81589
2014-08-11,33.549999,33.740002,33.50,33.650002,1260400,31.853756
2014-08-08,33.00,33.720001,32.810001,33.50,1618400,31.711762
2014-08-07,33.48,33.549999,32.59,32.84,1615900,31.086993
2014-08-06,33.400002,33.740002,33.259998,33.41,1493800,31.626566
2014-08-05,33.830002,33.900002,33.330002,33.59,1706500,31.796958
2014-08-01,33.529999,33.73,33.119999,33.529999,2845700,31.740159
2014-07-31,33.439999,33.869999,33.139999,33.490002,1920800,31.702297
2014-07-30,34.00,34.139999,33.27,33.610001,3069200,31.81589
2014-07-29,32.720001,33.080002,32.669998,32.810001,843000,31.058595
2014-07-28,33.02,33.02,32.610001,32.689999,1034200,30.944998
2014-07-25,33.09,33.25,32.939999,32.990002,1173300,31.228987
2014-07-24,33.130001,33.470001,33.080002,33.389999,1035100,31.607633
2014-07-23,33.110001,33.27,33.040001,33.25,1326300,31.475107
2014-07-22,33.029999,33.299999,33.02,33.110001,1594500,31.34258
2014-07-21,33.299999,33.450001,32.91,33.049999,1561000,31.285782
2014-07-18,33.080002,33.52,33.02,33.389999,1192100,31.607633
2014-07-17,33.759998,33.84,33.09,33.150002,954800,31.380446
2014-07-16,33.450001,33.77,33.450001,33.68,743600,31.882153
2014-07-15,33.68,33.799999,32.990002,33.389999,1282200,31.607633
2014-07-14,33.619999,33.919998,33.619999,33.919998,763800,32.10934
2014-07-11,33.799999,34.00,33.549999,33.630001,1156700,31.834823
2014-07-10,33.689999,33.830002,33.52,33.790001,1056500,31.986282
2014-07-09,34.02,34.139999,33.689999,33.990002,748800,32.175607
2014-07-08,33.869999,34.119999,33.68,34.049999,1190400,32.232402
2014-07-07,34.400002,34.470001,33.790001,34.23,1422600,32.402794
2014-07-04,34.41,34.540001,34.41,34.459999,212500,32.620516
2014-07-03,34.689999,34.790001,34.310001,34.43,620900,32.592118
2014-07-02,34.549999,34.790001,34.369999,34.639999,1012200,32.790908
2014-06-30,34.450001,34.599998,34.099998,34.59,1041400,32.743577
2014-06-27,34.240002,34.450001,34.130001,34.450001,836900,32.611051
2014-06-26,33.740002,34.240002,33.439999,34.23,1381400,32.402794
2014-06-25,33.849998,34.310001,33.740002,33.740002,1260400,31.938952
2014-06-24,34.509998,34.650002,33.75,33.900002,2350900,32.090411
2014-06-23,34.16,34.580002,34.130001,34.50,1173600,32.658381
2014-06-20,33.98,34.25,33.75,34.16,3721000,32.33653
2014-06-19,33.860001,34.130001,33.66,33.889999,2976300,32.080943
2014-06-18,33.970001,34.139999,33.810001,33.93,1153100,32.118808
2014-06-17,34.200001,34.25,33.740002,33.990002,756100,32.175607
2014-06-16,34.150002,34.700001,34.119999,34.209999,1876600,32.383861
2014-06-13,33.639999,34.259998,33.59,34.209999,1708700,32.383861
2014-06-12,32.599998,33.66,32.540001,33.50,2462500,31.711762
2014-06-11,32.400002,32.459999,32.209999,32.450001,1126300,30.717812
2014-06-10,32.450001,32.75,32.299999,32.709999,1306300,30.71213
2014-06-09,32.400002,32.650002,32.380001,32.560001,1117200,30.571293
2014-06-06,32.299999,32.490002,32.299999,32.419998,1086400,30.439841
2014-06-05,32.50,32.580002,32.290001,32.400002,1226500,30.421066
2014-06-04,32.509998,32.650002,32.27,32.540001,1150300,30.552515
2014-06-03,32.189999,32.549999,32.139999,32.490002,898700,30.505569
2014-06-02,32.240002,32.419998,31.93,32.16,1435300,30.195723
2014-05-30,31.74,32.400002,31.51,32.27,1746700,30.299005
2014-05-29,31.75,31.889999,31.389999,31.73,1186700,29.791987
2014-05-28,31.50,31.700001,31.24,31.610001,795500,29.679317
2014-05-27,31.82,31.85,31.34,31.459999,1168500,29.538477
2014-05-26,31.84,32.00,31.73,31.82,406600,29.87649
2014-05-23,31.799999,31.99,31.700001,31.809999,629700,29.8671
2014-05-22,31.549999,31.92,31.379999,31.92,1134300,29.970382
2014-05-21,31.360001,31.719999,31.309999,31.66,862700,29.726262
2014-05-20,31.66,31.709999,31.200001,31.34,2664800,29.425808
2014-05-16,31.41,31.709999,31.309999,31.42,3308000,29.500921
2014-05-15,31.540001,31.549999,31.10,31.309999,3585200,29.397639
2014-05-14,31.790001,31.790001,31.42,31.50,1592900,29.576035
2014-05-13,31.35,31.77,31.10,31.690001,1198700,29.754431
2014-05-12,31.290001,31.49,31.059999,31.33,746500,29.416418
2014-05-09,30.959999,31.18,30.889999,31.139999,1067700,29.238023
2014-05-08,31.719999,31.74,30.799999,30.870001,1412100,28.984515
2014-05-07,31.98,32.00,31.690001,31.73,1557400,29.791987
2014-05-06,31.91,32.00,31.75,31.93,1177200,29.979772
2014-05-05,32.450001,32.48,31.870001,31.940001,1952500,29.989161
2014-05-02,32.00,32.66,32.00,32.580002,955200,30.590072
2014-05-01,32.470001,32.599998,31.860001,32.060001,1060500,30.101833
2014-04-30,32.650002,32.720001,32.299999,32.650002,2227700,30.655797
2014-04-29,32.599998,33.110001,32.540001,33.02,1982000,31.003197
2014-04-28,32.689999,32.75,32.380001,32.599998,915800,30.608848
2014-04-25,32.50,32.549999,32.299999,32.52,1294900,30.533736
2014-04-24,32.66,32.790001,32.540001,32.580002,2807700,30.590072
2014-04-23,32.189999,32.709999,32.110001,32.66,1256300,30.665184
2014-04-22,32.00,32.189999,31.74,32.139999,1481200,30.176944
2014-04-21,32.16,32.34,32.07,32.139999,1888400,30.176944
2014-04-17,32.299999,32.439999,32.09,32.220001,1430100,30.25206
2014-04-16,31.98,32.549999,31.98,32.389999,946900,30.411675
2014-04-15,31.92,32.209999,31.809999,31.92,1401100,29.970382
2014-04-14,31.940001,32.02,31.629999,31.91,1080300,29.960993
2014-04-11,31.629999,31.950001,31.629999,31.90,1028100,29.951603
2014-04-10,31.75,31.950001,31.58,31.719999,1179300,29.782597
2014-04-09,31.790001,31.969999,31.67,31.700001,1473500,29.76382
2014-04-08,31.290001,31.799999,31.290001,31.68,1370600,29.745041
2014-04-07,31.75,31.889999,31.280001,31.360001,1133500,29.444587
2014-04-04,31.870001,31.879999,31.34,31.83,1055600,29.885879
2014-04-03,31.90,31.940001,31.57,31.76,1380000,29.820155
2014-04-02,31.73,31.98,31.549999,31.870001,1246300,29.923437
2014-04-01,31.969999,32.00,31.66,31.809999,1130300,29.8671
2014-03-31,31.52,32.02,31.50,31.969999,2083000,30.017328
2014-03-28,31.01,31.59,30.98,31.52,1623000,29.594814
2014-03-27,30.58,31.040001,30.530001,30.93,1663200,29.04085
2014-03-26,30.559999,30.90,30.51,30.51,979100,28.646503
2014-03-25,30.549999,30.60,30.360001,30.540001,653500,28.674671
2014-03-24,30.65,30.77,30.33,30.530001,780700,28.665282
2014-03-21,30.07,30.639999,29.959999,30.549999,3540700,28.684059
2014-03-20,29.610001,30.059999,29.40,29.959999,1610100,28.130095
2014-03-19,29.85,29.889999,29.50,29.60,1446800,27.792084
2014-03-18,29.51,29.83,29.48,29.77,1726100,27.951701
2014-03-17,29.299999,29.50,29.24,29.469999,1304500,27.670023
2014-03-14,29.200001,29.41,29.07,29.200001,1640600,27.416516
2014-03-13,29.389999,29.469999,29.09,29.190001,1170700,27.407126
2014-03-12,28.879999,29.33,28.85,29.290001,1132800,27.501019
2014-03-11,29.84,29.84,29.360001,29.389999,1693200,27.345157
2014-03-10,29.440001,29.780001,29.42,29.75,1013600,27.68011
2014-03-07,29.32,29.450001,29.32,29.43,1102600,27.382374
2014-03-06,29.15,29.23,28.959999,29.17,920200,27.140464
2014-03-05,29.23,29.24,29.059999,29.120001,1252000,27.093943
2014-03-04,29.559999,29.57,29.27,29.299999,1196800,27.261418
2014-03-03,29.129999,29.549999,29.120001,29.389999,1382800,27.345157
2014-02-28,28.92,29.450001,28.879999,29.309999,2042000,27.270723
2014-02-27,28.75,28.889999,28.67,28.870001,1671200,26.861337
2014-02-26,28.66,28.790001,28.52,28.68,1670600,26.684556
2014-02-25,28.860001,28.860001,28.59,28.60,1691000,26.610123
2014-02-24,28.67,29.110001,28.540001,28.889999,1886800,26.879945
2014-02-21,28.50,28.780001,28.440001,28.540001,2366300,26.554298
2014-02-20,28.52,28.530001,28.290001,28.41,2792900,26.433342
2014-02-19,28.379999,28.690001,28.379999,28.49,2770300,26.507775
2014-02-18,28.450001,28.540001,28.25,28.370001,4715300,26.396126
2014-02-14,28.75,28.76,28.370001,28.41,3270300,26.433342
2014-02-13,29.34,29.40,28.65,28.77,3301100,26.768295
2014-02-12,29.42,29.700001,29.35,29.639999,1442100,27.577763
2014-02-11,29.17,29.49,29.10,29.33,1359300,27.289332
2014-02-10,29.26,29.299999,29.059999,29.190001,857200,27.159073
2014-02-07,29.40,29.49,29.139999,29.290001,1458000,27.252116
2014-02-06,28.91,29.450001,28.85,29.40,1620100,27.354461
2014-02-05,28.57,29.00,28.50,28.91,1873300,26.898554
2014-02-04,28.559999,28.76,28.51,28.65,1803100,26.656643
2014-02-03,29.02,29.049999,28.469999,28.530001,1865900,26.544993
2014-01-31,29.00,29.27,28.879999,29.139999,1752200,27.112551
2014-01-30,29.030001,29.43,28.879999,29.209999,1890600,27.17768
2014-01-29,28.870001,29.00,28.639999,28.940001,2332300,26.926467
2014-01-28,28.809999,29.10,28.809999,29.030001,1384100,27.010205
2014-01-27,29.08,29.120001,28.76,28.870001,1490600,26.861337
2014-01-24,29.469999,29.50,29.07,29.18,1364200,27.149768
2014-01-23,29.60,29.620001,29.469999,29.52,1516500,27.466113
2014-01-22,29.540001,29.700001,29.41,29.66,1811000,27.596371
2014-01-21,29.700001,29.75,29.360001,29.50,1636900,27.447504
2014-01-20,29.540001,29.790001,29.51,29.700001,910100,27.633589
2014-01-17,29.549999,29.639999,29.51,29.530001,1084300,27.475417
2014-01-16,29.60,29.73,29.51,29.559999,1185900,27.503329
2014-01-15,29.620001,29.690001,29.48,29.59,1364600,27.531242
2014-01-14,29.84,29.92,29.58,29.60,1441600,27.540546
2014-01-13,29.940001,30.00,29.68,29.76,1191800,27.689414
2014-01-10,29.92,30.040001,29.809999,29.959999,801700,27.875498
2014-01-09,29.85,29.940001,29.66,29.780001,983500,27.708023
2014-01-08,30.08,30.08,29.73,29.77,1020400,27.698719
2014-01-07,29.74,30.08,29.629999,30.01,1135800,27.92202
2014-01-06,29.92,29.959999,29.51,29.610001,1153600,27.549851
2014-01-03,30.10,30.23,29.82,29.969999,832100,27.884802
2014-01-02,30.32,30.33,30.01,30.209999,764200,28.108104
2013-12-31,30.15,30.540001,30.10,30.40,1008700,28.284885
2013-12-30,30.190001,30.42,30.10,30.24,565200,28.136017
2013-12-27,30.00,30.25,29.85,30.17,785600,28.070888
2013-12-24,29.940001,30.01,29.719999,29.940001,493800,27.856891
2013-12-23,29.99,29.99,29.629999,29.719999,805600,27.652196
2013-12-20,30.10,30.290001,29.76,29.76,3124600,27.689414
2013-12-19,30.07,30.309999,29.90,30.00,1238300,27.912716
2013-12-18,29.459999,30.08,29.35,30.02,1752500,27.931325
2013-12-17,29.67,29.870001,29.33,29.360001,1750000,27.317245
2013-12-16,30.030001,30.049999,29.700001,29.700001,1402300,27.633589
2013-12-13,29.84,29.889999,29.639999,29.84,1707800,27.763848
2013-12-12,30.32,30.33,29.82,29.870001,2460300,27.791761
2013-12-11,31.08,31.110001,30.200001,30.200001,1853800,28.098801
2013-12-10,31.450001,31.57,31.190001,31.190001,965800,28.794758
2013-12-09,31.23,31.58,31.030001,31.40,1199400,28.98863
2013-12-06,31.030001,31.459999,31.030001,31.139999,936500,28.748596
2013-12-05,31.190001,31.690001,31.139999,31.209999,1160200,28.81322
2013-12-04,31.17,31.299999,30.91,31.280001,1050000,28.877846
2013-12-03,31.030001,31.389999,30.860001,31.15,1236200,28.757829
2013-12-02,30.92,31.629999,30.83,31.219999,1402100,28.822453
2013-11-29,30.50,31.15,30.40,30.93,1388200,28.554724
2013-11-28,30.610001,30.84,30.40,30.40,378200,28.065425
2013-11-27,30.50,30.790001,30.379999,30.67,1231600,28.314691
2013-11-26,30.82,31.040001,30.629999,30.629999,1682000,28.277762
2013-11-25,30.940001,31.110001,30.530001,30.82,2861800,28.453171
2013-11-22,31.129999,31.24,30.99,30.99,824100,28.610116
2013-11-21,30.59,31.25,30.59,31.129999,2155900,28.739364
2013-11-20,30.610001,30.780001,30.50,30.620001,1231900,28.268531
2013-11-19,30.440001,30.690001,30.35,30.60,848400,28.250067
2013-11-18,30.50,30.60,30.40,30.51,860900,28.166978
2013-11-15,30.43,30.57,30.27,30.50,1528500,28.157746
2013-11-14,30.370001,30.52,30.25,30.360001,862500,28.028498
2013-11-13,30.00,30.41,30.00,30.33,1476200,28.000801
2013-11-12,30.08,30.24,29.98,30.059999,841900,27.751535
2013-11-11,30.370001,30.379999,30.07,30.10,665000,27.788464
2013-11-08,30.049999,30.52,30.030001,30.440001,1093300,28.102354
2013-11-07,30.60,30.610001,30.01,30.08,1112000,27.77
2013-11-06,30.65,30.74,30.459999,30.52,1115400,28.17621
2013-11-05,30.42,30.530001,30.35,30.530001,1245800,28.185443
2013-11-04,30.74,30.74,30.360001,30.450001,901900,28.111586
2013-11-01,30.969999,31.01,30.50,30.540001,1362100,28.194675
2013-10-31,31.049999,31.32,30.98,30.98,1465900,28.600884
2013-10-30,31.33,31.360001,30.879999,31.049999,1099800,28.665508
2013-10-29,30.799999,31.299999,30.690001,31.26,1171500,28.859382
2013-10-28,31.00,31.040001,30.629999,30.690001,1269100,28.333155
2013-10-25,30.75,31.110001,30.75,30.98,2596000,28.600884
2013-10-24,30.65,30.91,30.639999,30.84,3240300,28.471636
2013-10-23,30.85,30.92,30.629999,30.690001,2531800,28.333155
2013-10-22,31.17,31.200001,30.76,30.870001,1239100,28.499332
2013-10-21,30.969999,31.190001,30.879999,31.049999,856100,28.665508
2013-10-18,30.91,31.200001,30.879999,31.040001,1399900,28.656277
2013-10-17,30.879999,30.879999,30.690001,30.84,1310900,28.471636
2013-10-16,30.92,31.200001,30.82,30.99,874700,28.610116
2013-10-15,31.02,31.23,30.870001,30.98,1040700,28.600884
2013-10-11,30.879999,31.10,30.73,31.01,796900,28.62858
2013-10-10,30.360001,30.99,30.290001,30.879999,1492900,28.508563
2013-10-09,30.129999,30.26,29.98,30.110001,917900,27.797696
2013-10-08,30.290001,30.379999,30.110001,30.110001,1164200,27.797696
2013-10-07,30.00,30.34,29.99,30.209999,879100,27.890016
2013-10-04,30.08,30.389999,30.059999,30.18,1168500,27.862321
2013-10-03,30.34,30.370001,29.98,30.129999,1414000,27.816159
2013-10-02,30.66,30.73,30.17,30.309999,1998300,27.982336
2013-10-01,30.620001,31.10,30.540001,30.809999,1105400,28.443939
2013-09-30,30.76,31.030001,30.59,30.74,1352700,28.379315
2013-09-27,31.00,31.299999,30.82,31.040001,997800,28.656277
2013-09-26,30.90,31.50,30.90,31.120001,1071100,28.730134
2013-09-25,31.309999,31.370001,30.90,30.99,1132200,28.610116
2013-09-24,30.690001,31.43,30.67,31.299999,1768300,28.896309
2013-09-23,30.530001,30.75,30.309999,30.67,1453300,28.314691
2013-09-20,31.110001,31.110001,30.67,30.690001,3044800,28.333155
2013-09-19,30.690001,30.950001,30.51,30.83,1105600,28.462403
2013-09-18,30.32,30.860001,30.17,30.60,1579100,28.250067
2013-09-17,30.559999,30.67,30.32,30.370001,1575100,28.03773
2013-09-16,30.60,30.889999,30.50,30.66,1370200,28.305458
2013-09-13,30.41,30.73,30.41,30.549999,835500,28.203905
2013-09-12,30.93,30.969999,30.42,30.43,1943600,28.093122
2013-09-11,31.09,31.09,30.76,30.940001,1158500,28.563956
2013-09-10,31.190001,31.469999,30.92,31.379999,1400400,28.74675
2013-09-09,30.85,31.620001,30.82,31.459999,1005100,28.820037
2013-09-06,31.299999,31.299999,30.719999,30.940001,1722100,28.343674
2013-09-05,30.780001,31.139999,30.639999,31.110001,1187600,28.499409
2013-09-04,30.51,30.870001,30.379999,30.709999,1062800,28.132973
2013-09-03,30.379999,30.66,30.299999,30.629999,1055100,28.059687
2013-08-30,30.57,30.67,30.18,30.18,1236800,27.647449
2013-08-29,30.799999,30.85,30.48,30.690001,1268500,28.114653
2013-08-28,30.120001,30.889999,30.10,30.860001,1416900,28.270387
2013-08-27,30.07,30.549999,29.870001,30.049999,1436100,27.528357
2013-08-26,30.25,30.25,29.950001,30.08,641400,27.55584
2013-08-23,30.280001,30.440001,30.08,30.15,577500,27.619966
2013-08-22,29.530001,30.10,29.530001,29.99,1114800,27.473393
2013-08-21,29.40,29.629999,29.32,29.50,2882900,27.024511
2013-08-20,29.280001,29.51,29.120001,29.40,1305400,26.932902
2013-08-19,29.719999,29.76,29.24,29.26,1117300,26.804651
2013-08-16,29.299999,30.049999,29.27,29.83,1692600,27.326819
2013-08-15,29.16,29.40,28.98,29.23,9284100,26.777168
2013-08-14,29.35,29.459999,29.07,29.17,959500,26.722203
2013-08-13,29.25,29.52,29.139999,29.370001,1242900,26.905421
2013-08-12,29.73,29.860001,29.049999,29.25,1779400,26.79549
2013-08-09,29.67,29.91,29.49,29.879999,1555300,27.372623
2013-08-08,29.780001,29.799999,29.34,29.58,1603200,27.097798
2013-08-07,30.10,30.389999,29.799999,29.799999,1335900,27.299336
2013-08-06,30.34,30.48,30.07,30.389999,1668900,27.839826
2013-08-02,30.60,30.73,30.48,30.58,1467400,28.013883
2013-08-01,30.67,30.780001,30.639999,30.700001,2036600,28.123814
2013-07-31,30.700001,30.83,30.32,30.42,2933500,27.86731
2013-07-30,30.66,30.68,30.42,30.620001,2366500,28.050527
2013-07-29,30.50,30.66,30.200001,30.60,1648100,28.032205
2013-07-26,30.65,30.76,30.40,30.450001,2200100,27.894793
2013-07-25,30.49,30.799999,30.309999,30.68,5232100,28.105492
2013-07-24,31.35,31.50,30.379999,30.49,6126900,27.931435
2013-07-23,32.490002,32.529999,32.240002,32.25,2129300,29.543745
2013-07-22,32.25,32.630001,32.25,32.48,2398200,29.754444
2013-07-19,32.450001,32.560001,32.130001,32.25,4501100,29.543745
2013-07-18,32.549999,32.77,32.369999,32.380001,2838100,29.662837
2013-07-17,32.200001,32.759998,32.189999,32.50,1842100,29.772767
2013-07-16,32.540001,32.59,31.82,32.240002,1491300,29.534586
2013-07-15,32.369999,32.59,32.32,32.380001,1809800,29.662837
2013-07-12,32.50,32.75,32.119999,32.310001,2991200,29.598712
2013-07-11,31.90,32.380001,31.68,32.360001,1316800,29.644515
2013-07-10,31.690001,31.90,31.25,31.66,1477000,29.003255
2013-07-09,30.74,31.709999,30.73,31.65,2393100,28.994094
2013-07-08,30.67,30.77,30.459999,30.73,1296500,28.151295
2013-07-05,30.379999,30.57,30.18,30.52,838900,27.958918
2013-07-04,30.290001,30.58,30.23,30.23,232800,27.693253
2013-07-03,30.35,30.35,29.879999,30.200001,765700,27.665771
2013-07-02,30.049999,30.32,29.91,30.27,1505100,27.729897
2013-06-28,29.860001,30.50,29.719999,30.00,2175900,27.482554
2013-06-27,29.57,29.870001,29.469999,29.809999,1412600,27.308497
2013-06-26,29.24,29.40,28.93,29.309999,1204200,26.850454
2013-06-25,29.219999,29.530001,29.059999,29.27,925900,26.813812
2013-06-24,29.290001,29.48,28.67,29.08,2329700,26.639755
2013-06-21,29.85,30.10,29.530001,29.58,4696900,27.097798
2013-06-20,29.84,30.049999,29.75,29.84,2939100,27.33598
2013-06-19,30.50,30.50,30.09,30.25,2439600,27.711575
2013-06-18,30.23,30.549999,30.10,30.50,1229800,27.940596
2013-06-17,29.639999,30.25,29.639999,30.01,1423900,27.491715
2013-06-14,29.870001,29.870001,29.35,29.59,1507900,27.106959
2013-06-13,29.299999,29.85,29.02,29.77,1622400,27.271855
2013-06-12,29.969999,30.040001,29.35,29.43,2018800,26.960385
2013-06-11,30.139999,30.35,29.85,30.030001,2322600,27.288344
2013-06-10,30.50,30.719999,30.26,30.51,1416300,27.724521
2013-06-07,30.719999,30.950001,30.40,30.59,1212300,27.797217
2013-06-06,31.110001,31.27,30.549999,30.84,1421000,28.024392
2013-06-05,31.10,31.190001,30.75,31.09,2419000,28.251568
2013-06-04,31.17,31.469999,31.049999,31.309999,1914500,28.451482
2013-06-03,31.01,31.18,30.75,31.00,1205600,28.169785
2013-05-31,31.16,31.299999,31.00,31.040001,2292100,28.206134
2013-05-30,31.379999,31.40,31.139999,31.24,1856700,28.387873
2013-05-29,31.15,31.48,31.049999,31.379999,1904700,28.515091
2013-05-28,30.799999,31.51,30.799999,31.40,2557800,28.533265
2013-05-27,30.610001,30.84,30.530001,30.540001,407600,27.751782
2013-05-24,30.450001,30.82,30.450001,30.700001,894500,27.897175
2013-05-23,30.50,31.02,30.370001,30.74,1382000,27.933522
2013-05-22,31.15,31.360001,30.959999,31.040001,1521100,28.206134
2013-05-21,31.049999,31.280001,30.92,30.950001,1793700,28.12435
2013-05-17,30.26,31.18,30.26,30.969999,1536400,28.142523
2013-05-16,30.01,30.65,30.00,30.379999,1013800,27.606388
2013-05-15,30.059999,30.309999,30.030001,30.110001,1045200,27.36104
2013-05-14,30.110001,30.26,29.93,30.190001,1509700,27.433736
2013-05-13,30.32,30.459999,29.84,29.969999,1216400,27.23382
2013-05-10,30.040001,30.370001,29.889999,30.27,1355500,27.506432
2013-05-09,30.700001,30.719999,30.139999,30.280001,1421100,27.515519
2013-05-08,30.629999,30.950001,30.540001,30.690001,1232100,27.888087
2013-05-07,30.25,30.67,30.18,30.549999,1393900,27.760868
2013-05-06,29.84,30.280001,29.610001,30.18,1713700,27.424649
2013-05-03,30.00,30.16,29.66,29.74,1576300,27.024819
2013-05-02,29.50,29.969999,29.25,29.790001,1098200,27.070255
2013-05-01,30.00,30.00,29.309999,29.51,1374600,26.815818
2013-04-30,30.07,30.24,29.58,30.15,2233700,27.397387
2013-04-29,30.00,30.290001,29.719999,29.98,1634900,27.242907
2013-04-26,29.790001,29.860001,29.379999,29.75,1788900,27.033906
2013-04-25,29.50,30.110001,29.48,29.639999,1847700,26.933948
2013-04-24,29.25,29.43,28.50,29.360001,3097700,26.679513
2013-04-23,28.889999,29.040001,28.389999,28.75,1330700,26.125204
2013-04-22,28.950001,29.049999,28.52,28.93,970300,26.28877
2013-04-19,28.66,28.889999,28.51,28.700001,1291200,26.079769
2013-04-18,28.98,29.43,28.459999,28.76,1277700,26.134291
2013-04-17,29.139999,29.290001,28.32,28.709999,2211800,26.088855
2013-04-16,29.110001,29.59,28.91,29.440001,1890100,26.752209
2013-04-15,29.940001,30.10,28.99,29.040001,3505500,26.388728
2013-04-12,30.58,30.76,30.120001,30.43,1165600,27.651824
2013-04-11,31.35,31.540001,30.799999,30.940001,1510000,28.115263
2013-04-10,31.01,31.58,30.83,31.52,13295100,28.642311
2013-04-09,30.040001,30.90,29.76,30.799999,3178900,27.988043
2013-04-08,30.309999,30.530001,29.85,29.92,2272000,27.188386
2013-04-05,29.75,30.549999,29.27,30.35,3060400,27.579128
2013-04-04,30.809999,30.85,29.719999,29.99,2848700,27.251995
2013-04-03,31.809999,31.969999,30.809999,30.90,1896500,28.078914
2013-04-02,31.68,32.080002,31.68,31.90,1268900,28.987617
2013-04-01,31.57,31.92,31.540001,31.719999,1021800,28.82405
2013-03-28,31.469999,31.99,31.389999,31.459999,2270900,28.587787
2013-03-27,31.40,31.73,31.09,31.549999,1516300,28.66957
2013-03-26,31.58,31.67,31.110001,31.559999,2706200,28.678658
2013-03-25,32.16,32.220001,31.280001,31.40,1603800,28.533265
2013-03-22,32.27,32.380001,31.860001,31.93,1496000,29.014878
2013-03-21,32.73,32.790001,32.18,32.189999,1454500,29.25114
2013-03-20,32.68,32.810001,32.369999,32.669998,1311100,29.687317
2013-03-19,32.75,33.00,32.139999,32.34,2302600,29.387446
2013-03-18,32.580002,32.869999,32.52,32.75,1011600,29.760014
2013-03-15,32.610001,33.110001,32.610001,32.900002,2970000,29.896321
2013-03-14,32.50,32.849998,32.450001,32.639999,1471700,29.660057
2013-03-13,33.040001,33.040001,32.419998,32.50,2013600,29.532839
2013-03-12,32.880001,33.16,32.77,33.07,10731200,29.830892
2013-03-11,32.52,32.799999,32.400002,32.77,863300,29.560277
2013-03-08,32.549999,32.669998,32.119999,32.639999,1479100,29.443009
2013-03-07,32.150002,32.610001,31.90,32.400002,1485500,29.226519
2013-03-06,32.34,32.419998,31.959999,32.00,1498200,28.865696
2013-03-05,32.119999,32.48,32.049999,32.130001,1561500,28.982964
2013-03-04,32.529999,32.540001,31.799999,31.82,1483000,28.703326
2013-03-01,33.00,33.049999,32.439999,32.740002,1588200,29.533217
2013-02-28,33.049999,33.389999,32.799999,33.389999,1863700,30.119549
2013-02-27,32.09,33.16,32.09,32.779999,2000800,29.569296
2013-02-26,32.369999,32.68,32.02,32.25,1115300,29.091209
2013-02-25,33.040001,33.490002,32.34,32.400002,1986700,29.226519
2013-02-22,32.540001,32.860001,32.509998,32.779999,1003400,29.569296
2013-02-21,32.650002,32.700001,32.00,32.369999,1553300,29.199455
2013-02-20,32.799999,33.060001,32.599998,32.810001,1902300,29.59636
2013-02-19,32.110001,32.790001,32.110001,32.759998,1793600,29.551255
2013-02-15,31.60,32.209999,31.540001,32.169998,1360700,29.019043
2013-02-14,32.50,32.540001,31.32,31.790001,2822400,28.676266
2013-02-13,33.00,33.029999,32.509998,32.599998,1086500,29.406926
2013-02-12,32.509998,33.189999,32.459999,32.830002,1189500,29.614402
2013-02-11,32.75,32.799999,32.41,32.490002,1201400,29.307703
2013-02-08,32.950001,33.119999,32.709999,32.790001,854300,29.578319
2013-02-07,33.380001,33.400002,32.869999,32.900002,1656100,29.677545
2013-02-06,33.200001,33.439999,33.07,33.380001,1350800,30.11053
2013-02-05,33.18,33.549999,33.18,33.380001,1058000,30.11053
2013-02-04,33.310001,33.48,33.09,33.200001,861400,29.94816
2013-02-01,33.169998,33.759998,33.110001,33.709999,1065800,30.408206
2013-01-31,33.68,33.799999,33.110001,33.110001,1948500,29.866975
2013-01-30,33.759998,34.130001,33.509998,33.720001,1291700,30.417228
2013-01-29,33.580002,34.130001,33.580002,33.93,1994500,30.606659
2013-01-28,33.540001,33.740002,33.220001,33.68,940000,30.381145
2013-01-25,33.68,33.950001,33.369999,33.450001,1141700,30.173673
2013-01-24,33.130001,33.810001,33.049999,33.709999,1365000,30.408206
2013-01-23,32.830002,33.130001,32.830002,33.049999,1081400,29.812851
2013-01-22,32.93,33.119999,32.880001,33.02,1633000,29.78579
2013-01-21,33.009998,33.02,32.599998,32.860001,1894300,29.641462
2013-01-18,33.650002,33.689999,33.009998,33.049999,1759000,29.812851
2013-01-17,33.57,33.900002,33.52,33.610001,884600,30.318002
2013-01-16,33.599998,33.740002,33.48,33.57,1009900,30.281919
2013-01-15,33.349998,33.73,33.349998,33.700001,2138600,30.399187
2013-01-14,33.630001,33.689999,33.369999,33.369999,1177500,30.101508
2013-01-11,33.639999,33.860001,33.50,33.529999,1032200,30.245836
2013-01-10,33.700001,33.849998,33.52,33.630001,955200,30.336043
2013-01-09,33.380001,33.52,33.189999,33.470001,1430500,30.191715
2013-01-08,33.299999,33.59,33.240002,33.52,984500,30.236817
2013-01-07,33.650002,33.700001,33.259998,33.529999,2138700,30.245836
2013-01-04,33.50,33.790001,33.48,33.779999,876200,30.471349
2013-01-03,33.799999,33.799999,33.290001,33.48,1063500,30.200734
2013-01-02,33.700001,33.950001,33.400002,33.669998,1697000,30.372123
2012-12-31,32.990002,33.50,32.82,33.290001,1145900,30.029345
2012-12-28,33.040001,33.25,32.939999,32.970001,772500,29.740688
2012-12-27,32.790001,33.23,32.77,33.200001,1129900,29.94816
2012-12-24,33.43,33.50,33.02,33.130001,364400,29.885017
2012-12-21,33.099998,33.490002,32.639999,33.349998,3197700,30.083466
2012-12-20,33.43,33.580002,32.810001,33.00,1587200,29.767749
2012-12-19,33.099998,33.50,32.959999,33.349998,1709200,30.083466
2012-12-18,32.509998,32.98,32.50,32.93,1485800,29.704606
2012-12-17,32.259998,32.650002,32.25,32.549999,2673500,29.361824
2012-12-14,32.790001,32.790001,32.119999,32.25,2266400,29.091209
2012-12-13,33.34,33.34,32.619999,32.75,1809300,29.542236
2012-12-12,33.380001,33.450001,32.82,33.34,3740400,30.074447
2012-12-11,34.060001,34.150002,33.860001,33.93,1995500,30.408208
2012-12-10,33.68,33.959999,33.380001,33.869999,1776400,30.354434
2012-12-07,33.310001,33.549999,33.200001,33.43,1717700,29.960106
2012-12-06,33.52,33.57,33.080002,33.209999,845800,29.76294
2012-12-05,33.439999,33.700001,33.169998,33.439999,1029000,29.969066
2012-12-04,32.950001,33.509998,32.939999,33.220001,1360800,29.771904
2012-12-03,33.400002,33.790001,33.169998,33.279999,1075900,29.825674
2012-11-30,33.049999,33.389999,32.93,33.360001,1704600,29.897372
2012-11-29,32.93,33.360001,32.93,33.07,1350000,29.637472
2012-11-28,32.139999,32.720001,32.080002,32.720001,956000,29.323802
2012-11-27,32.98,32.98,32.169998,32.549999,1620800,29.171445
2012-11-26,33.25,33.25,32.720001,32.810001,958700,29.40446
2012-11-23,33.650002,33.66,33.110001,33.419998,790900,29.951142
2012-11-22,33.299999,33.619999,33.290001,33.619999,175200,30.130383
2012-11-21,32.57,33.240002,32.549999,33.119999,895400,29.682281
2012-11-20,32.869999,32.970001,32.32,32.619999,1477500,29.234179
2012-11-19,32.790001,33.299999,32.779999,32.990002,1165600,29.565777
2012-11-16,32.330002,32.740002,31.82,32.389999,1116800,29.028053
2012-11-15,32.610001,32.860001,32.150002,32.330002,1556000,28.974283
2012-11-14,33.34,33.41,32.77,32.830002,1269200,29.422385
2012-11-13,33.66,33.880001,33.32,33.389999,994600,29.924257
2012-11-12,33.970001,34.009998,33.610001,33.740002,613700,30.23793
2012-11-09,33.049999,33.919998,33.009998,33.790001,1292000,30.28274
2012-11-08,33.700001,33.919998,33.099998,33.139999,1235400,29.700206
2012-11-07,34.279999,34.279999,33.68,33.740002,1018300,30.23793
2012-11-06,34.59,34.66,34.279999,34.580002,1209200,30.990742
2012-11-05,34.200001,34.66,34.150002,34.389999,1173600,30.820461
2012-11-02,35.57,35.689999,34.18,34.450001,2037200,30.874234
2012-11-01,35.240002,35.66,35.029999,35.580002,1288900,31.886946
2012-10-31,35.189999,35.630001,35.02,35.23,1835500,31.573273
2012-10-30,34.599998,35.189999,34.599998,34.779999,1397900,31.16998
2012-10-29,34.380001,34.799999,34.259998,34.599998,332200,31.008663
2012-10-26,34.549999,34.970001,34.25,34.48,1777700,30.901119
2012-10-25,34.610001,34.759998,33.43,34.400002,1490100,30.829425
2012-10-24,33.68,34.369999,33.509998,34.00,1000000,30.470942
2012-10-23,33.650002,33.98,33.009998,33.810001,1831100,30.300664
2012-10-22,33.91,34.509998,33.75,34.32,931000,30.757727
2012-10-19,34.549999,34.560001,33.779999,34.130001,949500,30.587449
2012-10-18,34.380001,34.560001,34.130001,34.529999,858300,30.945929
2012-10-17,34.470001,34.68,34.130001,34.580002,2086000,30.990742
2012-10-16,33.689999,34.50,33.630001,34.310001,1179000,30.748766
2012-10-15,33.400002,33.540001,32.849998,33.529999,928800,30.049725
2012-10-12,33.619999,33.619999,33.060001,33.400002,1128400,29.933221
2012-10-11,33.759998,33.950001,33.27,33.490002,1787600,30.013879
2012-10-10,34.099998,34.23,33.52,33.68,918300,30.184157
2012-10-09,34.389999,34.43,34.009998,34.200001,1840700,30.650183
2012-10-05,34.799999,34.799999,34.169998,34.419998,691800,30.847346
2012-10-04,34.900002,34.98,34.18,34.669998,791900,31.071397
2012-10-03,35.490002,35.540001,34.299999,34.529999,1104900,30.945929
2012-10-02,34.75,35.48,34.75,35.25,1611300,31.591197
2012-10-01,34.43,35.119999,34.25,34.560001,928400,30.972817
2012-09-28,34.110001,34.34,33.950001,34.310001,1565600,30.748766
2012-09-27,34.380001,34.91,33.799999,34.349998,1234900,30.784612
2012-09-26,33.48,34.040001,33.48,33.990002,1305100,30.461981
2012-09-25,34.560001,34.599998,33.77,33.939999,1184700,30.417168
2012-09-24,34.380001,34.549999,34.029999,34.52,879400,30.936968
2012-09-21,34.82,35.07,34.380001,34.439999,4665500,30.865271
2012-09-20,34.27,34.650002,34.049999,34.599998,1139200,31.008663
2012-09-19,34.849998,34.959999,34.43,34.619999,1513200,31.026588
2012-09-18,35.25,35.580002,34.599998,34.91,1472300,31.286488
2012-09-17,35.880001,36.25,35.299999,35.380001,1693000,31.707705
2012-09-14,35.439999,36.080002,35.27,35.720001,2257200,32.012414
2012-09-13,34.139999,35.049999,34.139999,34.970001,1518100,31.340261
2012-09-12,34.09,34.490002,34.02,34.09,807600,30.5516
2012-09-11,34.00,34.299999,33.880001,34.02,1060000,30.2917
2012-09-10,34.029999,34.43,33.91,33.950001,1170200,30.229372
2012-09-07,33.400002,34.240002,33.27,34.220001,2140700,30.469783
2012-09-06,32.189999,33.32,32.139999,33.299999,1715300,29.650605
2012-09-05,32.16,32.439999,31.84,31.99,1014300,28.48417
2012-09-04,32.650002,32.66,32.139999,32.23,1067800,28.697868
2012-08-31,32.25,32.66,31.77,32.299999,1305700,28.760196
2012-08-30,32.23,32.639999,31.790001,31.98,1555700,28.475266
2012-08-29,32.619999,32.790001,31.950001,32.240002,1707200,28.706774
2012-08-28,32.59,32.869999,32.48,32.610001,619100,29.036224
2012-08-27,32.419998,32.669998,32.27,32.57,614000,29.000607
2012-08-24,32.09,32.630001,31.90,32.41,911500,28.858142
2012-08-23,33.169998,33.169998,32.209999,32.369999,795600,28.822525
2012-08-22,33.290001,33.310001,32.779999,33.169998,671800,29.534851
2012-08-21,33.080002,33.73,33.049999,33.310001,953600,29.659511
2012-08-20,33.299999,33.299999,32.849998,32.869999,1018000,29.267729
2012-08-17,32.990002,33.299999,32.860001,33.25,1483000,29.606085
2012-08-16,32.849998,33.110001,32.490002,32.880001,1268700,29.276635
2012-08-15,32.400002,32.77,32.299999,32.610001,827600,29.036224
2012-08-14,32.59,32.68,32.259998,32.310001,1049100,28.769102
2012-08-13,32.509998,32.709999,32.040001,32.34,558200,28.795813
2012-08-10,32.34,32.509998,31.82,32.470001,1007200,28.911568
2012-08-09,32.119999,32.869999,32.060001,32.52,1058300,28.956087
2012-08-08,32.799999,32.98,32.049999,32.169998,1857800,28.644442
2012-08-07,31.799999,32.900002,31.530001,32.790001,1768100,29.196498
2012-08-03,31.030001,31.610001,31.02,31.389999,1091400,27.949925
2012-08-02,30.99,30.99,30.450001,30.51,1586800,27.166366
2012-08-01,30.610001,31.450001,30.370001,31.27,1576900,27.843077
2012-07-31,31.42,31.42,30.49,30.65,2306700,27.291023
2012-07-30,31.60,31.610001,30.90,31.15,2513500,27.736227
2012-07-27,31.75,31.75,31.27,31.57,3487200,28.110198
2012-07-26,31.700001,32.02,31.120001,31.41,1935200,27.967733
2012-07-25,31.77,31.860001,31.040001,31.15,2370300,27.736227
2012-07-24,33.25,33.400002,32.080002,32.099998,1788100,28.582114
2012-07-23,31.91,33.470001,31.450001,33.25,1933700,29.606085
2012-07-20,32.52,32.709999,32.279999,32.540001,1512000,28.973896
2012-07-19,33.23,33.27,32.880001,32.939999,1346400,29.330057
2012-07-18,33.880001,33.880001,32.77,32.919998,1631800,29.312249
2012-07-17,33.799999,34.00,32.860001,33.700001,986100,30.00677
2012-07-16,32.950001,33.77,32.950001,33.490002,3063900,29.819785
2012-07-13,32.799999,33.459999,32.669998,33.279999,1154100,29.632796
2012-07-12,32.990002,33.00,32.220001,32.57,1165600,29.000607
2012-07-11,32.369999,33.41,32.200001,33.279999,1026600,29.632796
2012-07-10,32.91,33.189999,32.02,32.25,1013600,28.715677
2012-07-09,33.00,33.07,32.43,32.91,1279100,29.303346
2012-07-06,32.98,33.209999,32.759998,32.990002,845800,29.37458
2012-07-05,34.279999,34.279999,33.380001,33.380001,2380800,29.721839
2012-07-04,33.869999,34.549999,33.869999,34.290001,651800,30.532111
2012-07-03,33.34,34.369999,33.200001,33.970001,1798900,30.24718
2012-06-29,32.50,32.75,32.16,32.369999,3081900,28.822525
2012-06-28,31.290001,31.41,30.549999,31.34,1801300,27.905405
2012-06-27,31.40,31.549999,31.129999,31.299999,949700,27.869788
2012-06-26,30.969999,31.309999,30.77,31.24,2019700,27.816364
2012-06-25,31.01,31.379999,30.799999,30.969999,1013500,27.575953
2012-06-22,31.65,31.82,31.24,31.459999,1158000,28.012253
2012-06-21,32.98,33.00,31.35,31.41,1379300,27.967733
2012-06-20,33.41,33.66,32.93,33.09,1181900,29.46362
2012-06-19,32.349998,33.73,32.299999,33.66,2039200,29.971153
2012-06-18,31.91,32.509998,31.799999,32.25,5131800,28.715677
2012-06-15,31.82,32.369999,31.67,32.290001,3151800,28.751294
2012-06-14,32.139999,32.139999,31.27,31.540001,1353400,28.083487
2012-06-13,32.080002,32.459999,31.77,31.99,1429300,28.48417
2012-06-12,32.169998,32.720001,31.959999,32.470001,1466000,28.715678
2012-06-11,32.93,33.00,31.98,32.049999,1329600,28.344238
2012-06-08,32.459999,32.740002,32.240002,32.48,1690100,28.72452
2012-06-07,32.990002,33.619999,32.900002,32.970001,2237100,29.157866
2012-06-06,31.17,32.639999,31.17,32.470001,1797000,28.715678
2012-06-05,30.50,31.10,30.42,30.879999,2277100,27.309519
2012-06-04,31.02,31.129999,30.09,30.52,2055000,26.991145
2012-06-01,31.90,31.90,30.969999,31.030001,2278500,27.442176
2012-05-31,32.110001,32.650002,31.889999,32.549999,2298800,28.786426
2012-05-30,32.310001,32.529999,31.879999,32.099998,1905400,28.388456
2012-05-29,32.549999,33.48,32.509998,33.110001,1336000,29.281678
2012-05-28,32.549999,32.810001,32.09,32.400002,347600,28.653772
2012-05-25,32.32,32.630001,32.139999,32.389999,969600,28.644926
2012-05-24,32.290001,32.880001,31.969999,32.48,1341600,28.72452
2012-05-23,31.43,32.34,31.40,32.279999,1665400,28.547644
2012-05-22,32.189999,32.450001,31.65,31.84,1700000,28.15852
2012-05-18,32.00,32.00,31.450001,31.559999,1700000,27.910894
2012-05-17,31.77,32.09,31.559999,31.639999,921600,27.981644
2012-05-16,31.76,32.34,31.360001,31.639999,1900000,27.981644
2012-05-15,32.099998,32.150002,31.58,31.77,1228900,28.096614
2012-05-14,32.34,32.619999,32.049999,32.099998,1300000,28.388456
2012-05-11,32.84,33.32,32.709999,32.959999,1241000,29.14902
2012-05-10,32.700001,33.130001,32.509998,33.00,1800000,29.184396
2012-05-09,31.799999,32.950001,31.52,32.549999,2300000,28.786426
2012-05-08,32.09,32.25,31.67,32.16,2378100,28.44152
2012-05-07,32.09,32.349998,31.629999,32.209999,1553400,28.485738
2012-05-04,33.389999,33.560001,32.169998,32.18,2121000,28.459208
2012-05-03,34.50,34.650002,33.75,33.950001,1300000,30.024553
2012-05-02,35.830002,35.880001,34.549999,34.610001,1680300,30.608241
2012-05-01,36.00,36.68,35.84,36.169998,1434000,31.987865
2012-04-30,35.00,35.880001,35.00,35.849998,2400000,31.704865
2012-04-27,33.970001,35.209999,33.950001,35.169998,1610500,31.103489
2012-04-26,33.82,34.07,33.59,34.00,2068000,30.068771
2012-04-25,34.970001,35.029999,33.73,33.799999,2247300,29.891896
2012-04-24,34.150002,34.310001,33.84,34.130001,1387600,30.183741
2012-04-23,34.25,34.419998,33.650002,34.200001,2347500,30.245647
2012-04-20,34.779999,34.880001,34.360001,34.630001,1991200,30.625929
2012-04-19,34.00,34.689999,33.790001,34.549999,1558500,30.555177
2012-04-18,33.59,33.939999,33.389999,33.93,1240000,30.006865
2012-04-17,33.389999,33.869999,33.25,33.599998,1980700,29.71502
2012-04-16,33.52,33.700001,33.169998,33.189999,1756300,29.352426
2012-04-13,34.400002,34.41,33.450001,33.470001,1876000,29.600053
2012-04-12,34.09,34.57,33.689999,34.41,2512800,30.431365
2012-04-11,33.389999,34.099998,33.389999,33.900002,1750800,29.980335
2012-04-10,33.93,34.02,33.060001,33.380001,1420900,29.52046
2012-04-09,34.009998,34.349998,33.849998,33.919998,970000,29.99802
2012-04-05,34.27,34.73,34.02,34.330002,1600000,30.360617
2012-04-04,34.869999,35.18,34.099998,34.209999,2491400,30.25449
2012-04-03,35.849998,35.849998,35.299999,35.48,2516000,31.377647
2012-04-02,35.689999,36.00,35.50,35.950001,1409600,31.793305
2012-03-30,36.110001,36.23,35.490002,35.900002,2630400,31.749087
2012-03-29,35.389999,35.860001,34.560001,35.790001,1664900,31.651805
2012-03-28,36.110001,36.16,35.150002,35.400002,3138200,31.306899
2012-03-27,36.75,36.75,36.00,36.259998,1200000,32.067459
2012-03-26,36.09,36.689999,35.93,36.580002,2273400,32.350462
2012-03-23,35.50,36.080002,35.470001,35.889999,1584300,31.740241
2012-03-22,35.900002,35.950001,35.25,35.650002,2784800,31.527993
2012-03-21,36.610001,36.610001,36.009998,36.02,1071400,31.855211
2012-03-20,36.470001,36.610001,36.060001,36.349998,850800,32.147053
2012-03-19,37.049999,37.290001,36.77,36.830002,819000,32.571556
2012-03-16,36.849998,37.290001,36.580002,36.950001,5683000,32.67768
2012-03-15,36.709999,37.68,36.59,36.73,3472500,32.483117
2012-03-14,37.299999,37.310001,36.599998,36.709999,1469300,32.465429
2012-03-13,36.48,37.25,36.389999,37.099998,965900,32.810335
2012-03-12,37.299999,37.580002,36.68,36.709999,1123100,32.270866
2012-03-09,37.759998,38.25,37.220001,37.419998,1741900,32.895009
2012-03-08,37.060001,38.009998,36.860001,37.889999,1392100,33.308176
2012-03-07,35.799999,36.93,35.470001,36.639999,2381600,32.209331
2012-03-06,36.889999,37.060001,35.450001,35.84,2158400,31.506071
2012-03-05,38.189999,38.490002,37.439999,37.459999,1298300,32.930173
2012-03-02,38.790001,38.919998,38.209999,38.290001,804600,33.659807
2012-03-01,38.189999,39.110001,38.150002,38.950001,1296700,34.239997
2012-02-29,38.639999,38.790001,37.990002,38.459999,1686900,33.809249
2012-02-28,38.650002,38.75,38.360001,38.560001,989200,33.897158
2012-02-27,38.849998,39.419998,38.59,38.759998,1178200,34.072971
2012-02-24,39.279999,39.32,38.810001,39.110001,1201800,34.380649
2012-02-23,38.75,39.099998,38.509998,39.07,1186900,34.345485
2012-02-22,39.029999,39.299999,38.82,38.900002,1885800,34.196044
2012-02-21,38.900002,39.639999,38.740002,39.310001,1792100,34.556465
2012-02-17,38.709999,39.119999,38.580002,38.73,2163500,34.046599
2012-02-16,38.189999,38.799999,38.040001,38.610001,1974700,33.941111
2012-02-15,38.549999,39.080002,37.919998,38.080002,2515500,33.475202
2012-02-14,37.869999,38.610001,37.720001,38.599998,2399800,33.932319
2012-02-13,37.50,37.91,37.34,37.720001,734500,33.158734
2012-02-10,36.73,37.50,36.560001,37.41,1466100,32.88622
2012-02-09,37.50,37.610001,37.080002,37.27,1502800,32.76315
2012-02-08,37.610001,37.709999,37.16,37.540001,1450600,33.000501
2012-02-07,37.98,38.110001,36.889999,37.619999,2319600,33.070825
2012-02-06,38.599998,38.75,37.869999,38.110001,1878500,33.501573
2012-02-03,37.849998,38.869999,37.810001,38.799999,2533900,34.108134
2012-02-02,37.16,37.799999,37.119999,37.720001,1906100,33.158734
2012-02-01,36.580002,37.700001,36.509998,37.290001,2179200,32.780732
2012-01-31,36.860001,36.98,36.07,36.59,2077800,32.165378
2012-01-30,35.93,36.799999,35.93,36.599998,1512900,32.174167
2012-01-27,36.110001,36.75,36.110001,36.41,1556500,32.007144
2012-01-26,36.34,36.450001,35.93,36.400002,2010300,31.998355
2012-01-25,36.150002,36.490002,35.799999,36.470001,1568700,32.05989
2012-01-24,36.34,36.810001,36.040001,36.439999,1600000,32.033515
2012-01-23,36.23,36.77,36.009998,36.580002,2297100,32.156589
2012-01-20,35.75,36.110001,35.50,36.080002,1092400,31.717051
2012-01-19,36.00,36.23,35.540001,36.049999,1476600,31.690676
2012-01-18,34.869999,35.900002,34.779999,35.549999,2095800,31.251139
2012-01-17,34.00,35.07,33.98,35.060001,2360900,30.820393
2012-01-16,33.91,34.209999,33.57,33.57,493800,29.510569
2012-01-13,33.900002,34.119999,33.240002,33.919998,1081800,29.818244
2012-01-12,34.220001,34.459999,33.970001,34.049999,2148700,29.932525
2012-01-11,34.830002,34.900002,34.25,34.380001,1600000,30.222622
2012-01-10,34.939999,35.169998,34.599998,34.950001,1162500,30.723695
2012-01-09,34.450001,34.790001,34.27,34.630001,1298700,30.442391
2012-01-06,34.360001,34.650002,34.110001,34.619999,1227700,30.433598
2012-01-05,34.25,34.779999,34.00,34.419998,1237400,30.257782
2012-01-04,34.75,34.900002,34.25,34.330002,2065300,30.178669
2012-01-03,34.18,34.950001,34.130001,34.799999,1932600,30.591832
2011-12-30,32.91,33.900002,32.91,33.830002,830400,29.739131
2011-12-29,33.139999,33.240002,32.830002,33.23,1292200,29.211683
2011-12-28,33.700001,33.700001,32.799999,32.939999,977600,28.956751
2011-12-23,33.169998,33.619999,33.009998,33.619999,856700,29.554522
2011-12-22,31.90,33.110001,31.90,33.07,1701600,29.071031
2011-12-21,32.279999,32.299999,31.83,31.83,1898200,27.980978
2011-12-20,32.02,32.759998,31.90,32.130001,3070200,28.244701
2011-12-19,32.09,32.32,31.219999,31.389999,1092700,27.594184
2011-12-16,30.99,32.00,30.99,31.85,3790400,27.99856
2011-12-15,31.690001,31.85,30.700001,31.00,2500000,27.251345
2011-12-14,32.50,32.82,31.33,31.40,2858800,27.602975
2011-12-13,34.099998,34.200001,32.68,32.950001,2023400,28.965543
2011-12-12,33.98,34.080002,33.50,34.029999,1600000,29.739128
2011-12-09,33.619999,34.619999,33.610001,34.41,2391200,30.071215
2011-12-08,34.099998,34.759998,33.380001,33.650002,3014400,29.407045
2011-12-07,33.099998,34.040001,32.689999,33.889999,1522200,29.616781
2011-12-06,33.310001,33.59,32.990002,33.07,1339600,28.900176
2011-12-05,33.50,34.080002,33.32,33.50,1029700,29.275957
2011-12-02,33.790001,34.00,32.990002,33.09,1315000,28.917655
2011-12-01,33.880001,34.220001,33.290001,33.380001,1825000,29.171089
2011-11-30,32.50,34.110001,32.50,34.110001,2696900,29.809043
2011-11-29,31.10,31.91,31.040001,31.51,1617800,27.536878
2011-11-28,30.799999,31.42,30.799999,31.09,1921000,27.169836
2011-11-25,30.219999,30.42,29.83,30.15,1632400,26.348361
2011-11-24,30.60,30.85,30.280001,30.32,530300,26.496926
2011-11-23,31.15,31.190001,30.34,30.42,1773300,26.584317
2011-11-22,32.560001,32.560001,31.450001,31.540001,1674200,27.563096
2011-11-21,31.700001,32.57,31.379999,32.389999,1676500,28.305918
2011-11-18,33.00,33.200001,32.09,32.34,1700000,28.262223
2011-11-17,33.830002,34.130001,32.349998,32.82,1713900,28.681699
2011-11-16,33.599998,34.810001,33.18,33.939999,2200000,29.660476
2011-11-15,33.48,33.68,33.169998,33.599998,775800,29.363347
2011-11-14,33.419998,33.889999,33.16,33.48,817000,29.258479
2011-11-11,33.259998,33.959999,33.220001,33.509998,2304500,29.284695
2011-11-10,33.43,33.75,32.759998,33.099998,1857700,28.926392
2011-11-09,33.91,34.310001,33.130001,33.130001,1195900,28.952612
2011-11-08,34.970001,34.970001,34.049999,34.75,1472400,30.368344
2011-11-07,35.099998,35.529999,34.610001,34.689999,2074000,30.315908
2011-11-04,34.950001,35.400002,34.560001,35.209999,1688900,30.770341
2011-11-03,34.439999,35.299999,34.209999,35.049999,1854900,30.630516
2011-11-02,33.799999,34.389999,33.630001,34.09,1449800,29.791564
2011-11-01,32.93,33.900002,32.540001,33.450001,2738900,29.232263
2011-10-31,35.790001,35.799999,34.040001,34.139999,2309000,29.835259
2011-10-28,35.790001,36.119999,35.529999,36.00,1836000,31.46073
2011-10-27,36.830002,37.110001,36.049999,36.23,1828600,31.661729
2011-10-26,35.700001,36.459999,35.330002,36.209999,1294200,31.64425
2011-10-25,36.689999,36.75,35.330002,35.419998,1953500,30.953861
2011-10-24,35.66,36.619999,35.380001,36.400002,2277500,31.810295
2011-10-21,35.73,35.779999,35.099998,35.389999,1590500,30.927645
2011-10-20,34.900002,35.299999,34.619999,35.09,1311500,30.665473
2011-10-19,35.689999,36.150002,35.060001,35.25,1500000,30.805298
2011-10-18,35.209999,36.080002,34.709999,36.029999,1457300,31.486947
2011-10-17,35.490002,35.689999,35.119999,35.549999,2100000,31.067471
2011-10-14,34.950001,35.41,34.599998,35.41,3900000,30.945124
2011-10-13,34.700001,34.700001,33.68,34.259998,1700000,29.940127
2011-10-12,34.619999,35.150002,34.189999,34.810001,2000000,30.42078
2011-10-11,34.950001,35.259998,34.32,34.34,2300000,30.010041
2011-10-07,33.709999,34.48,33.290001,34.34,2900000,30.010041
2011-10-06,32.099998,33.709999,31.60,33.709999,3000000,29.459478
2011-10-05,30.549999,32.310001,30.51,32.200001,2400000,28.139876
2011-10-04,30.15,30.530001,28.85,30.40,3900000,26.566839
2011-10-03,31.76,31.870001,30.719999,30.93,2559000,27.030011
2011-09-30,32.68,33.080002,32.099998,32.27,2900000,28.201049
2011-09-29,33.09,33.330002,32.27,33.220001,2490700,29.031264
2011-09-28,32.900002,33.080002,31.959999,32.130001,2067200,28.078703
2011-09-27,32.810001,34.419998,32.389999,32.650002,3093900,28.533136
2011-09-26,31.49,32.150002,30.540001,32.150002,3669200,28.096181
2011-09-23,30.00,31.459999,29.969999,31.24,2714700,27.300922
2011-09-22,30.51,30.700001,29.870001,30.540001,3655300,26.689187
2011-09-21,32.599998,33.049999,31.469999,31.49,1648700,27.5194
2011-09-20,32.990002,33.73,32.580002,32.669998,1800200,28.550611
2011-09-19,32.27,33.110001,31.799999,32.790001,1245400,28.655483
2011-09-16,34.099998,34.349998,32.610001,32.610001,4436400,28.498179
2011-09-15,33.73,34.259998,33.299999,34.099998,2440100,29.800302
2011-09-14,31.959999,33.439999,31.90,33.02,2164900,28.856481
2011-09-13,31.73,31.93,31.34,31.90,1767600,27.877702
2011-09-12,31.450001,31.99,31.09,31.51,1766400,27.362097
2011-09-09,33.259998,33.540001,31.709999,31.780001,3418400,27.596555
2011-09-08,34.00,34.25,33.599998,33.950001,2074800,29.480901
2011-09-07,34.380001,34.549999,34.049999,34.25,2343400,29.741409
2011-09-06,33.060001,34.07,32.400002,34.07,1366200,29.585104
2011-09-02,34.060001,34.720001,33.73,34.290001,1222900,29.776144
2011-09-01,35.630001,36.509998,34.91,35.02,3109500,30.410048
2011-08-31,34.68,35.490002,34.619999,35.400002,1676400,30.740027
2011-08-30,33.790001,34.91,33.459999,34.639999,1305600,30.08007
2011-08-29,33.48,33.900002,33.220001,33.880001,915100,29.420116
2011-08-26,32.93,33.25,32.23,32.919998,2249500,28.586486
2011-08-25,34.290001,34.290001,32.709999,33.200001,1403800,28.829629
2011-08-24,34.330002,34.830002,33.669998,33.990002,1506000,29.515636
2011-08-23,33.290001,34.540001,32.779999,34.540001,1952300,29.993235
2011-08-22,33.009998,33.209999,32.080002,32.77,1833300,28.456233
2011-08-19,32.099998,33.25,32.049999,32.169998,1897400,27.935214
2011-08-18,34.25,34.50,32.50,32.919998,2100400,28.586486
2011-08-17,35.75,36.23,35.27,35.439999,1353500,30.774759
2011-08-16,35.540001,35.66,35.02,35.50,1515000,30.826862
2011-08-15,35.68,36.150002,35.139999,35.939999,1616600,31.20894
2011-08-12,35.970001,36.00,34.75,35.16,1998700,30.531619
2011-08-11,33.150002,35.509998,32.389999,35.509998,3226500,30.835544
2011-08-10,33.029999,34.84,32.189999,33.619999,3947400,29.19434
2011-08-09,31.82,33.52,31.42,33.400002,4329500,29.003302
2011-08-08,32.400002,33.389999,31.51,31.90,2954900,27.700757
2011-08-05,35.009998,35.240002,32.32,33.93,3165100,29.463533
2011-08-04,35.509998,35.849998,33.98,34.77,3195000,30.192958
2011-08-03,36.099998,36.630001,35.18,36.139999,4224100,31.382613
2011-08-02,36.900002,37.009998,36.099998,36.169998,2246500,31.408663
2011-07-29,36.669998,37.00,36.299999,36.73,2034500,31.894947
2011-07-28,36.400002,37.619999,36.110001,37.040001,1806200,32.164141
2011-07-27,37.139999,37.32,36.34,36.57,2714200,31.756009
2011-07-26,38.380001,38.380001,36.939999,37.150002,1832700,32.259661
2011-07-25,37.900002,38.23,37.509998,37.919998,792900,32.928297
2011-07-22,37.689999,38.23,37.610001,38.16,869800,33.136706
2011-07-21,37.150002,37.799999,36.970001,37.689999,911800,32.728574
2011-07-20,37.470001,37.700001,36.84,37.130001,876100,32.242293
2011-07-19,37.110001,37.779999,36.970001,37.380001,1397700,32.459384
2011-07-18,37.00,37.080002,36.34,36.869999,1349700,32.016517
2011-07-15,36.509998,37.290001,36.509998,37.099998,1502300,32.21624
2011-07-14,36.50,36.82,35.959999,36.43,2046300,31.634439
2011-07-13,35.75,36.73,35.419998,36.25,2303400,31.478134
2011-07-12,35.27,35.849998,35.25,35.50,1667900,30.826862
2011-07-11,36.389999,36.470001,35.439999,35.639999,1512600,30.948432
2011-07-08,36.200001,36.66,36.16,36.59,1405500,31.773377
2011-07-07,35.950001,36.98,35.82,36.599998,1870400,31.782059
2011-07-06,36.419998,36.450001,35.43,35.549999,1399900,30.870279
2011-07-05,36.77,37.310001,36.470001,36.50,1866300,31.695224
2011-07-04,36.389999,36.540001,35.66,36.540001,398600,31.72996
2011-06-30,35.50,36.450001,35.50,36.400002,1996400,31.608389
2011-06-29,34.700001,35.919998,34.490002,35.439999,2700000,30.774759
2011-06-28,33.560001,34.700001,33.50,34.610001,1399600,30.05402
2011-06-27,33.290001,33.68,32.860001,33.419998,1510800,29.020667
2011-06-24,33.50,33.860001,32.93,33.419998,1982900,29.020667
2011-06-23,32.700001,33.27,32.029999,33.169998,2128600,28.803576
2011-06-22,33.040001,33.599998,32.990002,33.119999,1534300,28.760159
2011-06-21,32.759998,33.66,32.650002,33.189999,7600800,28.820944
2011-06-20,32.50,33.099998,32.43,32.860001,1447000,28.534386
2011-06-17,33.16,33.57,32.59,32.650002,3360700,28.352031
2011-06-16,33.32,34.029999,32.990002,33.16,1842100,28.794894
2011-06-15,33.700001,34.02,33.119999,33.32,1340300,28.933832
2011-06-14,33.259998,34.150002,33.259998,33.98,1291500,29.506951
2011-06-13,33.50,33.619999,32.950001,33.169998,1678900,28.803576
2011-06-10,34.259998,34.349998,33.209999,33.470001,1201900,28.890416
2011-06-09,34.360001,34.849998,34.16,34.59,1754500,29.857169
2011-06-08,34.360001,35.139999,34.299999,34.380001,960800,29.675903
2011-06-07,34.23,35.00,34.130001,34.490002,6300000,29.770853
2011-06-06,35.189999,35.189999,33.860001,34.009998,1115900,29.356527
2011-06-03,33.66,35.099998,33.450001,34.959999,1800000,30.176542
2011-06-02,34.200001,34.689999,33.810001,34.130001,881200,29.46011
2011-06-01,35.959999,36.060001,34.189999,34.209999,2761800,29.529162
2011-05-31,36.330002,36.48,35.529999,35.799999,2963700,30.901608
2011-05-30,35.619999,36.060001,35.389999,35.759998,241500,30.86708
2011-05-27,35.34,36.50,35.259998,35.529999,1900000,30.668551
2011-05-26,34.830002,35.619999,34.82,35.48,1396700,30.625393
2011-05-25,33.77,35.139999,33.759998,35.02,1411400,30.228334
2011-05-24,33.470001,34.490002,33.27,34.150002,2100000,29.477374
2011-05-20,33.529999,34.169998,33.349998,33.970001,993600,29.322002
2011-05-19,34.049999,34.130001,33.450001,33.799999,1292300,29.175261
2011-05-18,33.040001,34.290001,32.919998,33.880001,1563200,29.244317
2011-05-17,32.50,32.82,31.73,32.740002,2855200,28.260299
2011-05-16,33.02,33.939999,32.529999,32.669998,2800000,28.199874
2011-05-13,33.060001,33.189999,32.669998,32.900002,1200000,28.398407
2011-05-12,33.02,33.560001,32.66,33.080002,2000000,28.553778
2011-05-11,34.049999,34.080002,33.16,33.34,1651100,28.778202
2011-05-10,34.50,34.630001,34.00,34.240002,1000000,29.55506
2011-05-09,34.380001,34.529999,33.860001,34.349998,1213200,29.650006
2011-05-06,33.759998,34.91,33.540001,34.27,2049700,29.580954
2011-05-05,34.259998,34.369999,33.360001,33.73,1913900,29.114839
2011-05-04,35.099998,35.400002,34.419998,34.720001,1225000,29.969382
2011-05-03,36.200001,36.200001,34.849998,35.299999,1489800,30.470021
2011-05-02,36.470001,37.34,35.84,36.18,1386300,31.229615
2011-04-29,35.779999,36.380001,35.779999,36.380001,1300000,31.40225
2011-04-28,36.02,36.330002,35.77,36.00,2000000,31.074243
2011-04-27,35.900002,36.599998,34.75,36.119999,4200000,31.177823
2011-04-26,35.150002,36.459999,35.150002,36.23,1324700,31.272773
2011-04-25,36.00,36.330002,35.18,35.720001,878800,30.832556
2011-04-21,36.040001,36.040001,35.200001,35.939999,1323400,31.022452
2011-04-20,35.52,35.990002,35.52,35.759998,1107300,30.86708
2011-04-19,35.00,35.349998,34.50,35.040001,1492600,30.245598
2011-04-18,35.450001,35.529999,34.650002,35.18,1696700,30.366441
2011-04-15,36.060001,36.459999,35.91,35.950001,1606800,31.031085
2011-04-14,35.77,36.419998,35.700001,36.07,1482500,31.134665
2011-04-13,36.25,36.919998,36.169998,36.34,1457800,31.367722
2011-04-12,37.099998,37.110001,35.439999,36.110001,2485200,31.169193
2011-04-11,38.439999,38.529999,37.040001,37.389999,1728700,32.274054
2011-04-08,37.75,38.950001,37.599998,38.459999,1692100,33.197649
2011-04-07,37.75,38.02,37.400002,37.540001,1128900,32.403531
2011-04-06,38.41,38.41,37.50,37.639999,2004000,32.489847
2011-04-05,38.75,38.869999,38.25,38.419998,1019500,33.163121
2011-04-04,38.68,38.970001,38.509998,38.790001,1573300,33.482498
2011-04-01,38.50,38.98,38.50,38.759998,1896600,33.456601
2011-03-31,38.41,38.52,37.700001,38.299999,1676300,33.059542
2011-03-30,37.540001,38.380001,37.529999,38.209999,1027400,32.981856
2011-03-29,37.599998,38.07,37.380001,37.490002,1356300,32.360373
2011-03-28,37.560001,38.09,37.450001,37.48,1564200,32.35174
2011-03-25,36.990002,38.040001,36.950001,37.689999,1673900,32.533005
2011-03-24,37.110001,37.490002,36.889999,36.950001,1520000,31.894259
2011-03-23,37.50,37.610001,37.040001,37.279999,1315800,32.179104
2011-03-22,37.52,37.650002,37.25,37.450001,1058000,32.325845
2011-03-21,37.279999,37.580002,36.73,37.529999,1048500,32.394898
2011-03-18,36.41,36.91,35.990002,36.209999,3514900,31.255509
2011-03-17,35.580002,36.470001,35.299999,36.41,2476500,31.428144
2011-03-16,35.029999,35.619999,34.68,34.919998,2806200,30.142014
2011-03-15,34.169998,35.200001,33.950001,34.93,2104500,30.150648
2011-03-14,34.450001,35.07,34.419998,34.799999,1288800,30.038435
2011-03-11,34.599998,35.25,34.560001,34.880001,1706100,30.10749
2011-03-10,36.009998,36.349998,34.75,35.279999,2244600,30.280122
2011-03-09,36.669998,36.939999,35.860001,36.619999,1905000,31.430217
2011-03-08,38.389999,38.389999,36.650002,36.740002,1697500,31.533213
2011-03-07,38.470001,38.900002,38.110001,38.23,1552000,32.812049
2011-03-04,38.639999,38.709999,38.189999,38.470001,1180500,33.018037
2011-03-03,38.450001,38.68,37.82,38.23,1022600,32.812049
2011-03-02,37.849998,38.73,37.73,38.599998,2279900,33.129611
2011-03-01,37.75,38.09,37.279999,37.700001,1515800,32.357161
2011-02-28,37.25,38.25,37.18,37.75,1991400,32.400075
2011-02-25,37.02,37.639999,36.93,37.549999,1803300,32.228418
2011-02-24,37.50,38.119999,36.509998,36.830002,2424000,31.610458
2011-02-23,37.599998,38.23,37.34,37.540001,2878300,32.219837
2011-02-22,37.599998,38.360001,37.02,37.240002,2457000,31.962353
2011-02-18,36.25,36.619999,35.48,36.509998,2980900,31.335806
2011-02-17,35.560001,36.59,35.560001,36.59,2120500,31.40447
2011-02-16,35.790001,35.900002,35.32,35.799999,1924300,30.726428
2011-02-15,35.75,35.849998,35.119999,35.27,1616500,30.27154
2011-02-14,34.950001,35.93,34.939999,35.50,1668800,30.468944
2011-02-11,34.360001,35.040001,34.310001,34.709999,1437600,29.790902
2011-02-10,33.830002,34.799999,33.57,34.799999,1471100,29.868148
2011-02-09,34.150002,34.57,33.799999,33.82,1779900,29.027033
2011-02-08,33.720001,34.02,33.540001,34.02,2641700,29.19869
2011-02-07,34.099998,34.209999,33.84,33.91,1862700,29.104279
2011-02-04,34.200001,34.389999,33.689999,33.880001,1113000,29.078531
2011-02-03,34.150002,34.529999,34.060001,34.200001,1578700,29.353181
2011-02-02,34.200001,34.59,33.93,33.990002,1455200,29.172943
2011-02-01,34.599998,35.189999,33.82,34.029999,3318200,29.207272
2011-01-31,33.360001,34.830002,33.360001,34.599998,4278100,29.696491
2011-01-28,32.450001,33.689999,32.450001,33.360001,2313300,28.632225
2011-01-27,32.419998,32.73,32.25,32.650002,1048100,28.022847
2011-01-26,31.67,32.830002,31.65,32.720001,1389100,28.082927
2011-01-25,32.310001,32.310001,31.299999,31.450001,1396600,26.992911
2011-01-24,32.209999,32.380001,31.92,32.310001,836900,27.731032
2011-01-21,31.629999,32.349998,31.629999,32.139999,3200600,27.585123
2011-01-20,31.700001,31.74,31.15,31.60,1580100,27.121652
2011-01-19,31.92,31.940001,31.59,31.799999,1574400,27.293307
2011-01-18,32.07,32.23,31.82,31.91,2263200,27.387719
2011-01-17,32.049999,32.279999,31.959999,32.07,389000,27.525043
2011-01-14,32.400002,32.52,32.009998,32.169998,1443500,27.61087
2011-01-13,32.599998,32.700001,32.130001,32.400002,1039300,27.808277
2011-01-12,32.610001,33.110001,32.349998,32.450001,1211900,27.851191
2011-01-11,32.57,32.91,32.32,32.389999,2035900,27.799693
2011-01-10,32.50,32.50,31.65,31.950001,1181800,27.422051
2011-01-07,32.00,32.34,31.860001,32.27,1458800,27.6967
2011-01-06,33.00,33.07,31.93,32.040001,1250200,27.499296
2011-01-05,33.50,33.50,32.77,32.84,1311300,28.185919
2011-01-04,33.599998,33.889999,33.299999,33.580002,1572300,28.821048
2010-12-31,32.75,33.279999,32.580002,33.279999,928600,28.563561
2010-12-30,33.009998,33.400002,32.869999,32.950001,721600,28.280331
2010-12-29,32.889999,33.240002,32.82,33.23,774100,28.520648
2010-12-24,32.689999,33.00,32.619999,32.959999,104300,28.288912
2010-12-23,32.849998,32.880001,32.27,32.779999,1568100,28.134421
2010-12-22,32.939999,33.400002,32.619999,32.869999,1659100,28.211667
2010-12-21,32.220001,32.91,32.040001,32.779999,1014500,28.134421
2010-12-20,31.68,32.23,31.58,31.93,1341500,27.404885
2010-12-17,31.440001,31.639999,31.27,31.540001,3380400,27.070156
2010-12-16,31.40,31.42,31.049999,31.360001,1568300,26.915665
2010-12-15,31.40,31.450001,31.01,31.450001,1428400,26.992911
2010-12-14,31.15,31.43,30.950001,31.40,1070300,26.949996
2010-12-13,31.40,31.50,31.01,31.129999,1797200,26.718259
2010-12-10,31.48,31.549999,31.09,31.25,1096400,26.649598
2010-12-09,31.09,31.459999,30.719999,31.309999,2571400,26.700765
2010-12-08,31.780001,32.169998,31.40,31.540001,1939500,26.896907
2010-12-07,32.799999,33.040001,32.040001,32.099998,1871600,27.374466
2010-12-06,31.52,32.529999,31.50,32.529999,1859100,27.741165
2010-12-03,31.030001,31.92,30.99,31.620001,2130500,26.96513
2010-12-02,30.200001,31.040001,30.049999,30.950001,1774400,26.393763
2010-12-01,29.83,30.190001,29.76,30.18,1624300,25.737116
2010-11-30,29.360001,29.719999,29.23,29.530001,1845700,25.182805
2010-11-29,29.35,29.790001,29.139999,29.690001,890000,25.319251
2010-11-26,29.549999,29.610001,29.200001,29.200001,921000,24.901385
2010-11-25,29.719999,29.90,29.559999,29.610001,1576900,25.251028
2010-11-24,29.389999,29.969999,29.34,29.959999,1905000,25.549502
2010-11-23,29.15,29.41,29.030001,29.379999,1459500,25.054885
2010-11-22,29.790001,29.90,29.25,29.469999,540800,25.131636
2010-11-19,29.469999,29.91,29.190001,29.91,1058200,25.506863
2010-11-18,28.969999,29.84,28.969999,29.629999,1019200,25.268082
2010-11-17,28.780001,28.959999,28.60,28.90,1108200,24.645548
2010-11-16,29.200001,29.370001,28.75,29.01,2234100,24.739355
2010-11-15,29.629999,29.879999,29.32,29.49,753800,25.148692
2010-11-12,29.91,30.200001,29.40,29.68,2213100,25.310722
2010-11-11,29.98,30.34,29.58,30.26,1373300,25.805339
2010-11-10,29.74,30.00,29.17,29.93,1550200,25.523919
2010-11-09,29.85,30.209999,29.68,29.969999,1521000,25.55803
2010-11-08,29.35,29.68,29.09,29.68,1486800,25.310722
2010-11-05,29.98,30.10,29.33,29.40,1230900,25.071942
2010-11-04,29.91,30.23,29.790001,29.809999,2332900,25.421584
2010-11-03,29.42,29.65,29.219999,29.450001,1333700,25.114582
2010-11-02,29.10,29.450001,28.879999,29.370001,1163700,25.046359
2010-11-01,28.50,29.040001,28.50,28.879999,1561500,24.628492
2010-10-29,28.58,28.709999,28.309999,28.379999,2564000,24.202098
2010-10-28,28.799999,28.940001,28.57,28.57,1928200,24.364128
2010-10-27,29.290001,29.50,29.040001,29.09,1374000,24.807578
2010-10-26,29.00,29.559999,29.00,29.450001,1063700,25.114582
2010-10-25,29.110001,29.50,29.00,29.219999,1128300,24.91844
2010-10-22,29.08,29.219999,28.90,28.98,1155300,24.713771
2010-10-21,29.059999,29.35,28.84,28.91,1427800,24.654076
2010-10-20,29.34,29.459999,29.08,29.120001,1665300,24.833162
2010-10-19,29.610001,29.74,29.040001,29.43,1355300,25.097526
2010-10-18,29.959999,30.23,29.959999,30.08,576400,25.651837
2010-10-15,30.209999,30.40,29.92,30.08,913100,25.651837
2010-10-14,30.200001,30.540001,29.85,30.09,873700,25.660365
2010-10-13,29.959999,30.309999,29.799999,30.299999,1383200,25.83945
2010-10-12,29.90,30.10,29.639999,29.870001,1340900,25.472752
2010-10-08,29.440001,30.059999,29.120001,29.790001,1982600,25.40453
2010-10-07,29.67,29.77,29.120001,29.41,1733000,25.08047
2010-10-06,30.030001,30.15,29.440001,29.74,2314800,25.361889
2010-10-05,30.25,30.34,29.92,30.040001,2133200,25.617726
2010-10-04,30.370001,30.620001,29.629999,30.059999,1556100,25.634781
2010-10-01,29.719999,30.57,29.639999,30.299999,2997000,25.83945
2010-09-30,29.85,29.93,29.200001,29.59,2642700,25.233972
2010-09-29,28.66,29.60,28.66,29.60,2244000,25.2425
2010-09-28,28.75,29.15,28.18,28.809999,3021700,24.568797
2010-09-27,28.700001,29.23,28.57,29.040001,3264800,24.764939
2010-09-24,28.299999,28.799999,28.27,28.74,1660600,24.509102
2010-09-23,27.700001,28.24,27.60,28.219999,1586500,24.065652
2010-09-22,27.92,28.200001,27.66,27.90,1265800,23.792761
2010-09-21,28.65,28.65,27.860001,27.860001,1672900,23.75865
2010-09-20,27.93,28.799999,27.75,28.41,1841800,24.227682
2010-09-17,28.200001,28.200001,27.620001,27.889999,4402100,23.784233
2010-09-16,28.00,28.120001,27.620001,27.940001,1783900,23.826873
2010-09-15,28.299999,28.48,27.950001,28.25,1934500,24.091237
2010-09-14,28.25,28.450001,27.90,28.43,2289900,24.244739
2010-09-13,28.90,28.91,28.18,28.40,1677700,24.219154
2010-09-10,28.91,28.940001,28.290001,28.709999,3220700,24.483518
2010-09-09,29.450001,29.450001,28.60,28.92,2300400,24.662604
2010-09-08,29.00,29.639999,28.90,29.10,2486200,24.816106
2010-09-07,29.299999,29.43,28.76,29.02,738400,24.747883
2010-09-03,29.879999,30.190001,29.209999,29.35,1749500,25.029303
2010-09-02,29.34,29.74,29.280001,29.67,1498300,25.302194
2010-09-01,28.809999,29.629999,28.809999,29.59,2286700,25.233972
2010-08-31,28.290001,28.719999,28.07,28.690001,3296000,24.466463
2010-08-30,27.90,28.440001,27.799999,28.32,1607400,24.150931
2010-08-27,27.02,27.98,26.969999,27.790001,2928800,23.698955
2010-08-26,27.370001,27.77,26.57,26.75,2691500,22.812056
2010-08-25,26.25,27.02,26.190001,27.01,2235700,23.033781
2010-08-24,26.50,26.719999,26.389999,26.459999,1170900,22.564747
2010-08-23,26.50,26.790001,26.469999,26.690001,1425100,22.760889
2010-08-20,26.57,26.75,26.299999,26.459999,2160900,22.564747
2010-08-19,26.809999,26.959999,26.530001,26.620001,2559000,22.701194
2010-08-18,27.049999,27.10,26.629999,26.809999,1634500,22.863223
2010-08-17,27.219999,27.290001,26.82,27.10,1893300,23.110532
2010-08-16,27.18,27.23,26.67,27.00,2029200,23.025253
2010-08-13,27.33,27.60,27.08,27.15,1352200,23.15317
2010-08-12,27.799999,27.879999,27.309999,27.360001,2507100,23.332257
2010-08-11,28.280001,28.440001,28.02,28.10,3317000,23.963319
2010-08-10,28.50,28.790001,28.40,28.67,1392300,24.449407
2010-08-09,28.639999,28.77,28.190001,28.74,1168200,24.509102
2010-08-06,28.51,28.92,28.209999,28.450001,2092400,24.261795
2010-08-05,28.549999,29.120001,28.16,28.959999,2520300,24.696715
2010-08-04,28.90,29.379999,28.549999,28.59,1827800,24.381184
2010-08-03,29.200001,29.559999,29.02,29.030001,2288500,24.756411
2010-07-30,28.43,29.120001,28.16,28.950001,2415300,24.688188
2010-07-29,29.40,29.40,28.299999,28.540001,4622300,24.338546
2010-07-28,30.049999,30.469999,29.68,29.969999,1878100,25.55803
2010-07-27,30.74,31.00,30.15,30.469999,1452100,25.984423
2010-07-26,30.209999,30.98,30.200001,30.780001,1787700,26.248789
2010-07-23,29.700001,30.450001,29.469999,30.18,1400200,25.737116
2010-07-22,29.91,30.049999,29.450001,29.690001,1492200,25.319251
2010-07-21,29.84,29.940001,29.00,29.60,1975000,25.2425
2010-07-20,29.299999,29.799999,29.219999,29.73,1768000,25.353361
2010-07-19,29.209999,29.74,29.209999,29.65,1479200,25.285138
2010-07-16,29.77,29.93,29.030001,29.23,1897600,24.926968
2010-07-15,30.00,30.139999,29.559999,29.950001,2267000,25.540975
2010-07-14,30.25,30.450001,29.879999,30.030001,2009500,25.609198
2010-07-13,29.799999,30.74,29.690001,30.370001,3103400,25.899146
2010-07-12,29.450001,29.719999,29.219999,29.559999,1487500,25.208387
2010-07-09,28.959999,29.459999,28.809999,29.42,1295900,25.088998
2010-07-08,29.00,29.200001,28.620001,29.00,1899200,24.730827
2010-07-07,27.85,28.60,27.60,28.540001,1218600,24.338546
2010-07-06,27.99,28.08,27.379999,27.50,2623700,23.451646
2010-07-05,27.35,27.389999,26.75,27.00,789200,23.025253
2010-07-02,26.92,27.83,26.92,27.459999,2009900,23.417534
2010-06-30,26.969999,27.889999,26.76,27.40,3286300,23.366367
2010-06-29,27.690001,27.75,26.82,26.870001,2402700,22.914391
2010-06-28,28.709999,28.889999,27.950001,28.030001,1891600,23.903624
2010-06-25,28.35,29.290001,28.299999,28.879999,1677800,24.628492
2010-06-24,28.889999,29.15,28.280001,28.34,1603200,24.167988
2010-06-23,29.030001,29.290001,28.84,29.139999,1583000,24.850217
2010-06-22,29.870001,30.389999,29.10,29.16,1855400,24.867273
2010-06-21,30.200001,30.459999,29.799999,29.90,2274800,25.498335
2010-06-18,30.18,30.18,29.879999,29.879999,7414800,25.481279
2010-06-17,30.00,30.35,29.66,30.00,4034000,25.583614
2010-06-16,29.74,30.08,29.52,29.99,2359400,25.575086
2010-06-15,29.799999,30.219999,29.700001,29.950001,2632800,25.540975
2010-06-14,29.969999,30.49,29.530001,29.700001,2273600,25.327779
2010-06-11,29.00,30.00,28.84,29.719999,1878300,25.344833
2010-06-10,28.90,29.74,28.809999,29.66,2474100,25.123109
2010-06-09,28.48,28.889999,28.120001,28.639999,3034300,24.259131
2010-06-08,28.00,28.209999,27.209999,28.059999,1722200,23.76785
2010-06-07,28.50,28.879999,27.799999,27.860001,2158300,23.598444
2010-06-04,28.799999,29.40,28.440001,28.610001,2549000,24.233721
2010-06-03,29.16,29.66,28.870001,29.540001,2397700,25.021465
2010-06-02,28.49,29.120001,28.34,29.09,4174200,24.640298
2010-06-01,28.700001,29.639999,28.200001,28.25,2790300,23.928787
2010-05-31,28.60,29.059999,28.50,29.059999,703800,24.614887
2010-05-28,28.040001,28.65,27.889999,28.33,2536800,23.99655
2010-05-27,26.530001,27.91,26.450001,27.83,2970000,23.573032
2010-05-26,26.50,26.629999,26.07,26.15,1888400,22.15001
2010-05-25,26.00,26.43,25.83,26.01,2610700,22.031425
2010-05-21,26.10,27.15,26.00,26.969999,1819900,22.84458
2010-05-20,26.299999,27.059999,26.219999,26.719999,3494300,22.632821
2010-05-19,26.60,27.41,26.33,27.219999,2877500,23.056339
2010-05-18,27.43,27.540001,26.68,26.82,2104700,22.717525
2010-05-17,27.18,27.469999,26.00,26.709999,2271900,22.62435
2010-05-14,28.00,28.190001,26.90,27.09,3659600,22.946225
2010-05-13,28.90,28.90,28.10,28.33,2338400,23.99655
2010-05-12,28.60,29.290001,28.459999,28.99,2028300,24.555594
2010-05-11,28.299999,29.049999,28.25,28.639999,1963400,24.259131
2010-05-10,28.790001,28.799999,28.10,28.67,2335200,24.284543
2010-05-07,27.75,27.98,26.90,27.49,2750600,23.285039
2010-05-06,27.440001,28.23,26.049999,27.90,3378200,23.632324
2010-05-05,28.200001,28.799999,27.41,27.76,3320700,23.51374
2010-05-04,29.25,29.49,28.40,28.629999,2629200,24.250661
2010-05-03,30.200001,30.440001,29.49,29.59,2464800,25.063817
2010-04-30,30.00,30.200001,29.200001,29.870001,4447200,25.300988
2010-04-29,28.799999,30.42,28.799999,29.889999,3927400,25.317927
2010-04-28,29.049999,29.25,28.43,28.59,1795800,24.21678
2010-04-27,29.219999,29.690001,28.950001,29.049999,3038000,24.606416
2010-04-26,29.209999,29.950001,28.799999,29.42,2125800,24.91982
2010-04-23,28.52,29.379999,28.26,29.32,2937400,24.835116
2010-04-22,28.35,28.73,27.60,28.540001,4900300,24.174429
2010-04-21,28.959999,29.200001,28.00,29.10,2602000,24.648769
2010-04-20,29.040001,29.59,28.690001,28.879999,2536300,24.46242
2010-04-19,28.700001,29.49,28.02,28.620001,3948000,24.242192
2010-04-16,30.00,30.00,29.16,29.16,3021000,24.699591
2010-04-15,29.950001,30.629999,29.879999,30.139999,2989400,25.529686
2010-04-14,29.870001,30.25,29.870001,30.059999,1941400,25.461923
2010-04-13,28.91,30.299999,28.530001,30.030001,2139000,25.436513
2010-04-12,28.690001,29.85,28.690001,29.360001,1171100,24.868999
2010-04-09,28.309999,29.43,28.309999,28.940001,2061200,24.513243
2010-04-08,27.50,28.860001,27.32,28.540001,2321100,24.174429
2010-04-07,28.309999,28.50,27.559999,27.799999,3549500,23.54762
2010-04-06,28.549999,28.790001,28.190001,28.530001,2210900,24.165958
2010-04-05,28.50,28.799999,28.40,28.709999,2348100,24.318423
2010-04-01,26.860001,28.120001,26.75,28.120001,3219200,23.818673
2010-03-31,26.33,26.68,26.219999,26.530001,2827600,22.471885
2010-03-30,25.540001,26.35,25.540001,26.219999,2369800,22.209302
2010-03-29,25.280001,25.66,25.139999,25.540001,1855100,21.633319
2010-03-26,25.200001,25.360001,24.940001,25.110001,2744300,21.269093
2010-03-25,25.40,25.68,25.120001,25.18,2071600,21.328385
2010-03-24,25.40,25.49,25.209999,25.33,2621200,21.45544
2010-03-23,25.15,25.700001,25.07,25.59,1690500,21.67567
2010-03-22,25.110001,25.35,24.93,25.24,1046000,21.379207
2010-03-19,25.709999,25.799999,24.969999,25.360001,6634000,21.480852
2010-03-18,26.27,26.389999,25.709999,25.93,1752300,21.963662
2010-03-17,26.16,26.48,26.08,26.27,1856500,22.251655
2010-03-16,26.10,26.299999,25.860001,26.25,886600,22.234714
2010-03-15,26.389999,26.52,25.639999,26.00,1552400,22.022955
2010-03-12,26.48,27.16,26.24,26.48,3301800,22.429532
2010-03-11,26.35,26.889999,26.200001,26.870001,3255100,22.759877
2010-03-10,26.120001,26.709999,26.10,26.690001,3139000,22.438004
2010-03-09,26.25,26.629999,25.98,26.309999,1967200,22.118541
2010-03-08,26.65,26.93,26.280001,26.459999,1171500,22.244644
2010-03-05,26.15,26.620001,26.02,26.42,1871300,22.211018
2010-03-04,26.139999,26.34,25.75,25.879999,1644900,21.757045
2010-03-03,25.93,26.549999,25.889999,26.16,2103600,21.992438
2010-03-02,25.51,25.98,25.51,25.98,1487900,21.841114
2010-03-01,25.610001,25.84,25.50,25.66,1468600,21.572093
2010-02-26,25.59,25.90,25.32,25.700001,1215000,21.605722
2010-02-25,25.49,25.620001,25.129999,25.50,1513000,21.437583
2010-02-24,25.799999,26.049999,25.41,25.559999,1894900,21.488024
2010-02-23,26.700001,26.700001,25.700001,25.790001,2467700,21.681384
2010-02-22,27.299999,27.67,26.49,26.700001,2551900,22.446411
2010-02-19,26.60,27.65,26.57,27.48,2242700,23.102148
2010-02-18,26.65,26.99,26.51,26.60,1149500,22.362342
2010-02-17,26.549999,26.98,26.200001,26.809999,2142200,22.538886
2010-02-16,25.299999,26.50,25.26,26.32,2198600,22.126948
2010-02-12,25.299999,25.440001,25.01,25.10,3479100,21.101308
2010-02-11,24.67,25.620001,24.26,25.450001,2594700,21.395549
2010-02-10,25.40,25.57,24.42,24.74,3641700,20.798659
2010-02-09,25.219999,25.77,25.00,25.370001,2342600,21.328294
2010-02-08,25.25,25.620001,24.950001,25.00,1568300,21.017238
2010-02-05,25.90,26.00,25.08,25.40,3080200,21.353514
2010-02-04,26.00,26.379999,25.84,26.00,3625200,21.857928
2010-02-03,25.870001,26.690001,25.629999,26.57,3171000,22.337121
2010-02-02,25.90,26.360001,25.52,26.17,2406100,22.000845
2010-02-01,24.860001,25.90,24.85,25.889999,2525000,21.765452
2010-01-29,25.200001,26.209999,24.700001,24.709999,3544200,20.773438
2010-01-28,24.860001,25.15,24.52,25.129999,2862000,21.126527
2010-01-27,24.75,24.93,24.52,24.75,3205100,20.807066
2010-01-26,25.00,25.01,24.58,24.690001,3270300,20.756625
2010-01-25,25.030001,25.469999,25.00,25.129999,1565200,21.126527
2010-01-22,25.35,25.549999,25.02,25.02,2219400,21.034053
2010-01-21,25.40,25.540001,25.10,25.450001,2282000,21.395549
2010-01-20,25.50,25.629999,25.18,25.52,3307800,21.454397
2010-01-19,26.129999,26.129999,25.75,25.91,2073900,21.782266
2010-01-18,25.85,26.09,25.799999,26.059999,773400,21.908369
2010-01-15,26.280001,26.48,25.76,26.00,2344800,21.857928
2010-01-14,26.65,26.73,26.23,26.299999,1401600,22.110134
2010-01-13,26.51,26.68,26.33,26.65,3063700,22.404376
2010-01-12,26.559999,26.91,26.25,26.77,2207700,22.505259
2010-01-11,27.25,27.290001,26.76,26.92,2559200,22.631362
2010-01-08,26.700001,27.08,26.65,27.08,2207800,22.765873
2010-01-07,26.76,27.08,26.57,26.870001,3464300,22.589329
2010-01-06,27.299999,27.629999,26.690001,27.00,3440800,22.698618
2010-01-05,27.799999,27.799999,27.18,27.459999,2404100,23.085334
2010-01-04,26.99,27.84,26.65,27.84,2991500,23.404797
2009-12-31,26.200001,26.719999,26.040001,26.50,1549300,22.278273
2009-12-30,25.51,26.00,25.50,26.00,947900,21.857928
2009-12-29,25.50,25.75,25.41,25.639999,792600,21.555279
2009-12-24,25.48,25.65,25.299999,25.639999,620100,21.555279
2009-12-23,25.73,25.77,25.43,25.50,1384200,21.437583
2009-12-22,25.360001,25.809999,25.25,25.73,2075000,21.630941
2009-12-21,25.50,25.549999,25.01,25.360001,2111000,21.319887
2009-12-18,26.01,26.110001,25.200001,25.299999,4121800,21.269445
2009-12-17,26.50,26.90,26.01,26.120001,2434200,21.958811
2009-12-16,27.00,27.110001,26.75,26.99,3750600,22.69021
2009-12-15,26.50,27.18,25.50,26.92,3713000,22.631362
2009-12-14,25.780001,26.49,24.90,26.35,3095000,22.15217
2009-12-11,25.50,25.99,25.459999,25.889999,2646900,21.765452
2009-12-10,25.10,25.48,24.68,25.48,4478700,21.420769
2009-12-09,25.299999,25.48,25.01,25.07,4274400,21.076087
2009-12-08,25.370001,25.50,25.200001,25.379999,4411400,21.3367
2009-12-07,26.25,26.299999,25.450001,25.50,3579200,21.437583
2009-12-04,26.450001,26.75,25.98,26.299999,7387200,22.110134
2009-12-03,26.75,26.90,25.76,26.25,5637700,22.0681
2009-12-02,27.870001,27.99,26.25,26.299999,1819600,22.110134
2009-12-01,27.50,27.84,27.01,27.690001,204800,23.278694
2009-11-30,28.00,28.00,26.809999,26.809999,219200,22.538886
2009-11-27,27.25,27.700001,27.01,27.700001,234100,23.287101
2009-11-26,28.200001,28.200001,27.25,27.25,64400,22.90879
2009-11-25,28.15,28.200001,27.809999,27.90,722800,23.455238
2009-11-24,27.50,28.34,27.50,28.120001,267100,23.640191
2009-11-23,28.00,28.200001,27.360001,27.40,40200,23.034893
2009-11-20,27.75,27.85,27.00,27.68,67900,23.270287
2009-11-19,27.35,28.00,27.049999,28.00,119100,23.539307
2009-11-18,27.530001,27.530001,26.50,27.049999,463400,22.740651
2009-11-17,26.799999,27.00,26.370001,26.90,72900,22.614548
2009-11-16,27.950001,27.969999,26.75,26.75,197000,22.488445
2009-11-13,28.50,28.50,27.25,27.65,69000,23.245065
2009-11-12,29.98,30.00,28.059999,28.379999,53700,23.858768
2009-11-11,29.85,30.00,29.00,29.25,4100,24.590169
2009-11-10,30.00,30.200001,29.51,29.85,17400,25.094583
2009-11-09,29.799999,32.00,29.799999,30.10,33600,25.304755
2009-11-06,29.90,30.00,29.35,29.52,54500,24.817156
2009-11-05,29.200001,30.00,29.200001,29.549999,67900,24.842375
2009-11-04,28.60,29.200001,28.60,29.200001,9700,24.548135
2009-11-03,27.75,28.75,27.75,28.60,45200,24.043721
2009-11-02,29.00,29.379999,27.60,28.299999,78800,23.791513
